uid,domainID,siteID,namedLocation,sampleID,sampleCode,startDate,collectDate,laboratoryName,wavelength,decadicAbsorbance,cuvetteLength,analysisDate,spectrumReplicateID,remarks,dataQF
"f8e15414-dfbf-4a3c-a192-25af9e2725d0","D11","PRIN","PRIN.AOS.S2","PRIN.SS.20240321.FIL","A00000420157","2024-03-21T15:06Z","2024-03-21T15:06Z","Illinois State Water Survey Central Analytical Laboratory",534.0,0.00160,5,"2024-03-22","A",,
"fb52e74a-fc2b-4ed5-b644-a3cbf10edf33","D11","PRIN","PRIN.AOS.S2","PRIN.SS.20240321.FIL","A00000420157","2024-03-21T15:06Z","2024-03-21T15:06Z","Illinois State Water Survey Central Analytical Laboratory",246.0,0.09024,5,"2024-03-22","A",,
"8523cd28-beb4-427a-ba52-e40c42f9f701","D11","PRIN","PRIN.AOS.S2","PRIN.SS.20240321.FIL","A00000420157","2024-03-21T15:06Z","2024-03-21T15:06Z","Illinois State Water Survey Central Analytical Laboratory",412.0,0.00786,5,"2024-03-22","A",,
"02fe6221-bf95-4332-ae66-8bdd44340583","D11","PRIN","PRIN.AOS.S2","PRIN.SS.20240321.FIL","A00000420157","2024-03-21T15:06Z","2024-03-21T15:06Z","Illinois State Water Survey Central Analytical Laboratory",230.0,0.12166,5,"2024-03-22","A",,
"b2732c6b-86fe-43fb-9e60-62e23f187be4","D11","PRIN","PRIN.AOS.S2","PRIN.SS.20240321.FIL","A00000420157","2024-03-21T15:06Z","2024-03-21T15:06Z","Illinois State Water Survey Central Analytical Laboratory",286.0,0.05696,5,"2024-03-22","B",,
"c7aac9d4-a354-4090-8c1a-102e76bcba72","D11","PRIN","PRIN.AOS.S2","PRIN.SS.20240321.FIL","A00000420157","2024-03-21T15:06Z","2024-03-21T15:06Z","Illinois State Water Survey Central Analytical Laboratory",368.0,0.01560,5,"2024-03-22","A",,
"cf5b61ba-af73-4819-b350-fdbe5fff835e","D11","PRIN","PRIN.AOS.S2","PRIN.SS.20240321.FIL","A00000420157","2024-03-21T15:06Z","2024-03-21T15:06Z","Illinois State Water Survey Central Analytical Laboratory",326.0,0.03014,5,"2024-03-22","A",,
"3ff97a51-f018-4740-9e75-456394aa206f","D11","PRIN","PRIN.AOS.S2","PRIN.SS.20240321.FIL","A00000420157","2024-03-21T15:06Z","2024-03-21T15:06Z","Illinois State Water Survey Central Analytical Laboratory",474.0,0.00318,5,"2024-03-22","A",,
"d732904d-0f9e-4608-bc35-f0c3018aca43","D11","PRIN","PRIN.AOS.S2","PRIN.SS.20240321.FIL","A00000420157","2024-03-21T15:06Z","2024-03-21T15:06Z","Illinois State Water Survey Central Analytical Laboratory",430.0,0.00618,5,"2024-03-22","A",,
"861b1af7-bc8f-4804-8981-c612485d910b","D11","PRIN","PRIN.AOS.S2","PRIN.SS.20240321.FIL","A00000420157","2024-03-21T15:06Z","2024-03-21T15:06Z","Illinois State Water Survey Central Analytical Laboratory",250.0,0.08630,5,"2024-03-22","B",,
"27f776ff-c4b3-42eb-9d48-5af8dd665931","D11","PRIN","PRIN.AOS.S2","PRIN.SS.20240321.FIL","A00000420157","2024-03-21T15:06Z","2024-03-21T15:06Z","Illinois State Water Survey Central Analytical Laboratory",494.0,0.00234,5,"2024-03-22","A",,
"e145366a-6eb9-44fd-a442-54e0246c3b39","D11","PRIN","PRIN.AOS.S2","PRIN.SS.20240321.FIL","A00000420157","2024-03-21T15:06Z","2024-03-21T15:06Z","Illinois State Water Survey Central Analytical Laboratory",408.0,0.00830,5,"2024-03-22","B",,
"412f85b9-225d-4d17-abe4-bc8f7d6f791e","D11","PRIN","PRIN.AOS.S2","PRIN.SS.20240321.FIL","A00000420157","2024-03-21T15:06Z","2024-03-21T15:06Z","Illinois State Water Survey Central Analytical Laboratory",560.0,0.00126,5,"2024-03-22","A",,
"d471bea8-43ca-4f30-a5ae-6f04080f7362","D11","PRIN","PRIN.AOS.S2","PRIN.SS.20240321.FIL","A00000420157","2024-03-21T15:06Z","2024-03-21T15:06Z","Illinois State Water Survey Central Analytical Laboratory",296.0,0.04808,5,"2024-03-22","A",,
"7401aa1f-71d0-46c6-b663-eb3e7428029b","D11","PRIN","PRIN.AOS.S2","PRIN.SS.20240321.FIL","A00000420157","2024-03-21T15:06Z","2024-03-21T15:06Z","Illinois State Water Survey Central Analytical Laboratory",568.0,0.00122,5,"2024-03-22","A",,
"65cdbdc9-5210-4c7d-8e44-4d002f531c3b","D11","PRIN","PRIN.AOS.S2","PRIN.SS.20240321.FIL","A00000420157","2024-03-21T15:06Z","2024-03-21T15:06Z","Illinois State Water Survey Central Analytical Laboratory",362.0,0.01704,5,"2024-03-22","B",,
"8060dae1-5774-4e38-bbaa-87aaa332b5d0","D11","PRIN","PRIN.AOS.S2","PRIN.SS.20240321.FIL","A00000420157","2024-03-21T15:06Z","2024-03-21T15:06Z","Illinois State Water Survey Central Analytical Laboratory",338.0,0.02488,5,"2024-03-22","A",,
"800d61bd-fb6a-4ddb-b620-a48500178850","D11","PRIN","PRIN.AOS.S2","PRIN.SS.20240321.FIL","A00000420157","2024-03-21T15:06Z","2024-03-21T15:06Z","Illinois State Water Survey Central Analytical Laboratory",566.0,0.00126,5,"2024-03-22","A",,
"da8faa35-5622-495c-830d-bf50e1d66361","D11","PRIN","PRIN.AOS.S2","PRIN.SS.20240321.FIL","A00000420157","2024-03-21T15:06Z","2024-03-21T15:06Z","Illinois State Water Survey Central Analytical Laboratory",390.0,0.01074,5,"2024-03-22","B",,
"63f30261-cb95-42ec-9af9-fb7af86ece96","D11","PRIN","PRIN.AOS.S2","PRIN.SS.20240321.FIL","A00000420157","2024-03-21T15:06Z","2024-03-21T15:06Z","Illinois State Water Survey Central Analytical Laboratory",498.0,0.00230,5,"2024-03-22","A",,
"c663cf84-77b0-4491-95bd-2fe50c8a16bc","D11","PRIN","PRIN.AOS.S2","PRIN.SS.20240321.FIL","A00000420157","2024-03-21T15:06Z","2024-03-21T15:06Z","Illinois State Water Survey Central Analytical Laboratory",532.0,0.00146,5,"2024-03-22","B",,
"1ce96786-5427-44f0-b603-2e8bbf810098","D11","PRIN","PRIN.AOS.S2","PRIN.SS.20240321.FIL","A00000420157","2024-03-21T15:06Z","2024-03-21T15:06Z","Illinois State Water Survey Central Analytical Laboratory",492.0,0.00240,5,"2024-03-22","B",,
"5613501d-b649-456b-9ea6-69df3f978730","D11","PRIN","PRIN.AOS.S2","PRIN.SS.20240321.FIL","A00000420157","2024-03-21T15:06Z","2024-03-21T15:06Z","Illinois State Water Survey Central Analytical Laboratory",238.0,0.10132,5,"2024-03-22","B",,
"7239b98c-30c0-4aef-b89a-a0633575de30","D11","PRIN","PRIN.AOS.S2","PRIN.SS.20240321.FIL","A00000420157","2024-03-21T15:06Z","2024-03-21T15:06Z","Illinois State Water Survey Central Analytical Laboratory",570.0,0.00130,5,"2024-03-22","A",,
"af55b9cc-8cdf-4674-826a-b29ef89cc2d3","D11","PRIN","PRIN.AOS.S2","PRIN.SS.20240321.FIL","A00000420157","2024-03-21T15:06Z","2024-03-21T15:06Z","Illinois State Water Survey Central Analytical Laboratory",464.0,0.00366,5,"2024-03-22","A",,
"2b347751-4d73-462e-860d-5b7f685f7e6b","D11","PRIN","PRIN.AOS.S2","PRIN.SS.20240321.FIL","A00000420157","2024-03-21T15:06Z","2024-03-21T15:06Z","Illinois State Water Survey Central Analytical Laboratory",220.0,0.16610,5,"2024-03-22","A",,
"afbf4224-aa11-4a8c-b003-bfd3b0b86aba","D11","PRIN","PRIN.AOS.S2","PRIN.SS.20240321.FIL","A00000420157","2024-03-21T15:06Z","2024-03-21T15:06Z","Illinois State Water Survey Central Analytical Laboratory",524.0,0.00162,5,"2024-03-22","B",,
"2a0d41ba-c7a8-4e9c-a4e2-262d2c9fbcda","D11","PRIN","PRIN.AOS.S2","PRIN.SS.20240321.FIL","A00000420157","2024-03-21T15:06Z","2024-03-21T15:06Z","Illinois State Water Survey Central Analytical Laboratory",342.0,0.02336,5,"2024-03-22","A",,
"d9446842-30fe-4b9d-9836-da77b95e57e9","D11","PRIN","PRIN.AOS.S2","PRIN.SS.20240321.FIL","A00000420157","2024-03-21T15:06Z","2024-03-21T15:06Z","Illinois State Water Survey Central Analytical Laboratory",572.0,0.00110,5,"2024-03-22","B",,
"145eb93a-3ead-467a-8f1e-8da04c91d21f","D11","PRIN","PRIN.AOS.S2","PRIN.SS.20240321.FIL","A00000420157","2024-03-21T15:06Z","2024-03-21T15:06Z","Illinois State Water Survey Central Analytical Laboratory",484.0,0.00268,5,"2024-03-22","B",,
"b20c2c11-d631-40be-8c78-c5ba0819fad4","D11","PRIN","PRIN.AOS.S2","PRIN.SS.20240321.FIL","A00000420157","2024-03-21T15:06Z","2024-03-21T15:06Z","Illinois State Water Survey Central Analytical Laboratory",260.0,0.07904,5,"2024-03-22","A",,
"0d883f9f-6695-4085-85ad-770617306a4e","D11","PRIN","PRIN.AOS.S2","PRIN.SS.20240321.FIL","A00000420157","2024-03-21T15:06Z","2024-03-21T15:06Z","Illinois State Water Survey Central Analytical Laboratory",346.0,0.02188,5,"2024-03-22","B",,
"e3bb7987-c809-4ccf-8873-ff398572c711","D11","PRIN","PRIN.AOS.S2","PRIN.SS.20240321.FIL","A00000420157","2024-03-21T15:06Z","2024-03-21T15:06Z","Illinois State Water Survey Central Analytical Laboratory",372.0,0.01448,5,"2024-03-22","B",,
"5d7877f6-9afa-46fe-bd49-9de8e3a652e9","D11","PRIN","PRIN.AOS.S2","PRIN.SS.20240321.FIL","A00000420157","2024-03-21T15:06Z","2024-03-21T15:06Z","Illinois State Water Survey Central Analytical Laboratory",496.0,0.00230,5,"2024-03-22","A",,
"571dfccb-4224-4709-801a-ed15b96574dd","D11","PRIN","PRIN.AOS.S2","PRIN.SS.20240321.FIL","A00000420157","2024-03-21T15:06Z","2024-03-21T15:06Z","Illinois State Water Survey Central Analytical Laboratory",424.0,0.00640,5,"2024-03-22","B",,
"a26a40bb-3f59-464d-946b-36cd22afca76","D11","PRIN","PRIN.AOS.S2","PRIN.SS.20240321.FIL","A00000420157","2024-03-21T15:06Z","2024-03-21T15:06Z","Illinois State Water Survey Central Analytical Laboratory",248.0,0.08838,5,"2024-03-22","A",,
"c551038b-47f3-4554-95e7-93971c8b047e","D11","PRIN","PRIN.AOS.S2","PRIN.SS.20240321.FIL","A00000420157","2024-03-21T15:06Z","2024-03-21T15:06Z","Illinois State Water Survey Central Analytical Laboratory",480.0,0.00292,5,"2024-03-22","A",,
"8be0b6a9-7e2c-415e-bdf2-d2551855d2ea","D11","PRIN","PRIN.AOS.S2","PRIN.SS.20240321.FIL","A00000420157","2024-03-21T15:06Z","2024-03-21T15:06Z","Illinois State Water Survey Central Analytical Laboratory",354.0,0.01944,5,"2024-03-22","A",,
"01be7dc1-7d2b-4fab-9b41-4e9c3f6d725b","D11","PRIN","PRIN.AOS.S2","PRIN.SS.20240321.FIL","A00000420157","2024-03-21T15:06Z","2024-03-21T15:06Z","Illinois State Water Survey Central Analytical Laboratory",334.0,0.02632,5,"2024-03-22","B",,
"ffe6398d-0a30-49f2-9de6-cc5fa41ebd36","D11","PRIN","PRIN.AOS.S2","PRIN.SS.20240321.FIL","A00000420157","2024-03-21T15:06Z","2024-03-21T15:06Z","Illinois State Water Survey Central Analytical Laboratory",300.0,0.04494,5,"2024-03-22","B",,
"6229341f-15d4-4e2e-a445-3ccbcadec51a","D11","PRIN","PRIN.AOS.S2","PRIN.SS.20240321.FIL","A00000420157","2024-03-21T15:06Z","2024-03-21T15:06Z","Illinois State Water Survey Central Analytical Laboratory",302.0,0.04352,5,"2024-03-22","B",,
"47e56483-9ee0-4b3e-b879-bca437a3a793","D11","PRIN","PRIN.AOS.S2","PRIN.SS.20240321.FIL","A00000420157","2024-03-21T15:06Z","2024-03-21T15:06Z","Illinois State Water Survey Central Analytical Laboratory",276.0,0.06616,5,"2024-03-22","B",,
"38703424-915d-4ace-b34e-c51a72c0b9ad","D11","PRIN","PRIN.AOS.S2","PRIN.SS.20240321.FIL","A00000420157","2024-03-21T15:06Z","2024-03-21T15:06Z","Illinois State Water Survey Central Analytical Laboratory",596.0,0.00074,5,"2024-03-22","B",,
"22e3ee4e-3dc6-445d-a595-d964be18ed27","D11","PRIN","PRIN.AOS.S2","PRIN.SS.20240321.FIL","A00000420157","2024-03-21T15:06Z","2024-03-21T15:06Z","Illinois State Water Survey Central Analytical Laboratory",260.0,0.07874,5,"2024-03-22","B",,
"0c312743-d1f4-443d-ab27-333feacd2c0b","D11","PRIN","PRIN.AOS.S2","PRIN.SS.20240321.FIL","A00000420157","2024-03-21T15:06Z","2024-03-21T15:06Z","Illinois State Water Survey Central Analytical Laboratory",412.0,0.00774,5,"2024-03-22","B",,
"1f9d5d71-b982-43a8-b85b-20d454e2d4ff","D11","PRIN","PRIN.AOS.S2","PRIN.SS.20240321.FIL","A00000420157","2024-03-21T15:06Z","2024-03-21T15:06Z","Illinois State Water Survey Central Analytical Laboratory",322.0,0.03218,5,"2024-03-22","A",,
"60d1779d-fe22-4401-ae4b-e58fb367e87d","D11","PRIN","PRIN.AOS.S2","PRIN.SS.20240321.FIL","A00000420157","2024-03-21T15:06Z","2024-03-21T15:06Z","Illinois State Water Survey Central Analytical Laboratory",288.0,0.05542,5,"2024-03-22","A",,
"0b2838e3-75e7-4fc3-8d64-d44956505e12","D11","PRIN","PRIN.AOS.S2","PRIN.SS.20240321.FIL","A00000420157","2024-03-21T15:06Z","2024-03-21T15:06Z","Illinois State Water Survey Central Analytical Laboratory",382.0,0.01224,5,"2024-03-22","B",,
"e08c3f69-efaa-405f-a68a-c81917338ed8","D11","PRIN","PRIN.AOS.S2","PRIN.SS.20240321.FIL","A00000420157","2024-03-21T15:06Z","2024-03-21T15:06Z","Illinois State Water Survey Central Analytical Laboratory",470.0,0.00326,5,"2024-03-22","B",,
"09294eba-7eb6-4be9-881a-92ac73859194","D11","PRIN","PRIN.AOS.S2","PRIN.SS.20240321.FIL","A00000420157","2024-03-21T15:06Z","2024-03-21T15:06Z","Illinois State Water Survey Central Analytical Laboratory",430.0,0.00588,5,"2024-03-22","B",,
"cad76d23-366b-47d9-8676-5612333fface","D11","PRIN","PRIN.AOS.S2","PRIN.SS.20240321.FIL","A00000420157","2024-03-21T15:06Z","2024-03-21T15:06Z","Illinois State Water Survey Central Analytical Laboratory",402.0,0.00900,5,"2024-03-22","B",,
"6181908f-1f07-4457-aa08-9ff7f44ff26c","D11","PRIN","PRIN.AOS.S2","PRIN.SS.20240321.FIL","A00000420157","2024-03-21T15:06Z","2024-03-21T15:06Z","Illinois State Water Survey Central Analytical Laboratory",512.0,0.00186,5,"2024-03-22","A",,
"53116979-c11b-493c-8edd-6e201355f0b6","D11","PRIN","PRIN.AOS.S2","PRIN.SS.20240321.FIL","A00000420157","2024-03-21T15:06Z","2024-03-21T15:06Z","Illinois State Water Survey Central Analytical Laboratory",280.0,0.06286,5,"2024-03-22","A",,
"1ef213d3-19a3-414b-bf78-ad1db331ab45","D11","PRIN","PRIN.AOS.S2","PRIN.SS.20240321.FIL","A00000420157","2024-03-21T15:06Z","2024-03-21T15:06Z","Illinois State Water Survey Central Analytical Laboratory",356.0,0.01870,5,"2024-03-22","B",,
"077463d4-eeba-405c-9ee3-51fe7c1807c6","D11","PRIN","PRIN.AOS.S2","PRIN.SS.20240321.FIL","A00000420157","2024-03-21T15:06Z","2024-03-21T15:06Z","Illinois State Water Survey Central Analytical Laboratory",530.0,0.00158,5,"2024-03-22","B",,
"c35c8516-82e6-45a6-b4e9-2ddca83f8cda","D11","PRIN","PRIN.AOS.S2","PRIN.SS.20240321.FIL","A00000420157","2024-03-21T15:06Z","2024-03-21T15:06Z","Illinois State Water Survey Central Analytical Laboratory",344.0,0.02268,5,"2024-03-22","A",,
"8ecb6d71-1221-4a44-b044-78efc6bb5833","D11","PRIN","PRIN.AOS.S2","PRIN.SS.20240321.FIL","A00000420157","2024-03-21T15:06Z","2024-03-21T15:06Z","Illinois State Water Survey Central Analytical Laboratory",266.0,0.07466,5,"2024-03-22","A",,
"54ac59d5-6adf-47ec-ad37-f063f5021641","D11","PRIN","PRIN.AOS.S2","PRIN.SS.20240321.FIL","A00000420157","2024-03-21T15:06Z","2024-03-21T15:06Z","Illinois State Water Survey Central Analytical Laboratory",272.0,0.07000,5,"2024-03-22","A",,
"850f5d10-db30-40ab-9db3-8f22b9fe2d08","D11","PRIN","PRIN.AOS.S2","PRIN.SS.20240321.FIL","A00000420157","2024-03-21T15:06Z","2024-03-21T15:06Z","Illinois State Water Survey Central Analytical Laboratory",466.0,0.00346,5,"2024-03-22","B",,
"08be9cfd-ab42-499f-9e56-79fddd9f0456","D11","PRIN","PRIN.AOS.S2","PRIN.SS.20240321.FIL","A00000420157","2024-03-21T15:06Z","2024-03-21T15:06Z","Illinois State Water Survey Central Analytical Laboratory",452.0,0.00440,5,"2024-03-22","A",,
"1d7daab4-c97f-4010-988c-95b1935c69e2","D11","PRIN","PRIN.AOS.S2","PRIN.SS.20240321.FIL","A00000420157","2024-03-21T15:06Z","2024-03-21T15:06Z","Illinois State Water Survey Central Analytical Laboratory",540.0,0.00132,5,"2024-03-22","B",,
"451218b8-b322-4fee-89ae-2631d0b7b9ac","D11","PRIN","PRIN.AOS.S2","PRIN.SS.20240321.FIL","A00000420157","2024-03-21T15:06Z","2024-03-21T15:06Z","Illinois State Water Survey Central Analytical Laboratory",390.0,0.01090,5,"2024-03-22","A",,
"218ff8df-9ecf-4e07-9204-49f3d49f4bfb","D11","PRIN","PRIN.AOS.S2","PRIN.SS.20240321.FIL","A00000420157","2024-03-21T15:06Z","2024-03-21T15:06Z","Illinois State Water Survey Central Analytical Laboratory",534.0,0.00150,5,"2024-03-22","B",,
"0e62eab6-b0e4-446f-997f-d0aa58d6154d","D11","PRIN","PRIN.AOS.S2","PRIN.SS.20240321.FIL","A00000420157","2024-03-21T15:06Z","2024-03-21T15:06Z","Illinois State Water Survey Central Analytical Laboratory",476.0,0.00312,5,"2024-03-22","A",,
"8a1665ae-50fa-4a81-8a60-92fbd9021687","D11","PRIN","PRIN.AOS.S2","PRIN.SS.20240321.FIL","A00000420157","2024-03-21T15:06Z","2024-03-21T15:06Z","Illinois State Water Survey Central Analytical Laboratory",518.0,0.00178,5,"2024-03-22","A",,
"a561a158-3a93-40db-83f4-5c223dffd64d","D11","PRIN","PRIN.AOS.S2","PRIN.SS.20240321.FIL","A00000420157","2024-03-21T15:06Z","2024-03-21T15:06Z","Illinois State Water Survey Central Analytical Laboratory",330.0,0.02806,5,"2024-03-22","B",,
"24f15b2d-12fa-4483-87a5-4ae4ba587406","D11","PRIN","PRIN.AOS.S2","PRIN.SS.20240321.FIL","A00000420157","2024-03-21T15:06Z","2024-03-21T15:06Z","Illinois State Water Survey Central Analytical Laboratory",470.0,0.00340,5,"2024-03-22","A",,
"e4309f2f-e401-476b-8719-88e144b806d4","D11","PRIN","PRIN.AOS.S2","PRIN.SS.20240321.FIL","A00000420157","2024-03-21T15:06Z","2024-03-21T15:06Z","Illinois State Water Survey Central Analytical Laboratory",538.0,0.00146,5,"2024-03-22","A",,
"0807bc8c-9d45-4d9b-8d37-d8d2b532d4ec","D11","PRIN","PRIN.AOS.S2","PRIN.SS.20240321.FIL","A00000420157","2024-03-21T15:06Z","2024-03-21T15:06Z","Illinois State Water Survey Central Analytical Laboratory",488.0,0.00264,5,"2024-03-22","A",,
"ce8526c5-931b-41ec-98d4-725f2819761b","D11","PRIN","PRIN.AOS.S2","PRIN.SS.20240321.FIL","A00000420157","2024-03-21T15:06Z","2024-03-21T15:06Z","Illinois State Water Survey Central Analytical Laboratory",486.0,0.00260,5,"2024-03-22","B",,
"b4272bb3-3adb-4dd4-a9f0-75fba13e8e2b","D11","PRIN","PRIN.AOS.S2","PRIN.SS.20240321.FIL","A00000420157","2024-03-21T15:06Z","2024-03-21T15:06Z","Illinois State Water Survey Central Analytical Laboratory",588.0,0.00086,5,"2024-03-22","B",,
"aaa6535e-7d48-47ad-ae9b-c840167fd691","D11","PRIN","PRIN.AOS.S2","PRIN.SS.20240321.FIL","A00000420157","2024-03-21T15:06Z","2024-03-21T15:06Z","Illinois State Water Survey Central Analytical Laboratory",266.0,0.07434,5,"2024-03-22","B",,
"690e11f4-e2eb-4e7a-b2c6-2d679af1e08f","D11","PRIN","PRIN.AOS.S2","PRIN.SS.20240321.FIL","A00000420157","2024-03-21T15:06Z","2024-03-21T15:06Z","Illinois State Water Survey Central Analytical Laboratory",370.0,0.01496,5,"2024-03-22","B",,
"8056604a-01ea-46cd-80b9-4718a558dbd0","D11","PRIN","PRIN.AOS.S2","PRIN.SS.20240321.FIL","A00000420157","2024-03-21T15:06Z","2024-03-21T15:06Z","Illinois State Water Survey Central Analytical Laboratory",304.0,0.04244,5,"2024-03-22","A",,
"0333ff02-7742-4a6a-be73-a41cdd469864","D11","PRIN","PRIN.AOS.S2","PRIN.SS.20240321.FIL","A00000420157","2024-03-21T15:06Z","2024-03-21T15:06Z","Illinois State Water Survey Central Analytical Laboratory",372.0,0.01464,5,"2024-03-22","A",,
"c28c5b70-7ddb-4dfd-88a4-d4c99a0b3319","D11","PRIN","PRIN.AOS.S2","PRIN.SS.20240321.FIL","A00000420157","2024-03-21T15:06Z","2024-03-21T15:06Z","Illinois State Water Survey Central Analytical Laboratory",588.0,0.00094,5,"2024-03-22","A",,
"94e3c195-8bb6-4168-9e8d-abf198ac9713","D11","PRIN","PRIN.AOS.S2","PRIN.SS.20240321.FIL","A00000420157","2024-03-21T15:06Z","2024-03-21T15:06Z","Illinois State Water Survey Central Analytical Laboratory",280.0,0.06256,5,"2024-03-22","B",,
"f18af6b6-bf4d-494c-840a-729b65496619","D11","PRIN","PRIN.AOS.S2","PRIN.SS.20240321.FIL","A00000420157","2024-03-21T15:06Z","2024-03-21T15:06Z","Illinois State Water Survey Central Analytical Laboratory",448.0,0.00470,5,"2024-03-22","A",,
"a1d955f1-0374-46df-9e1c-782779c442ac","D11","PRIN","PRIN.AOS.S2","PRIN.SS.20240321.FIL","A00000420157","2024-03-21T15:06Z","2024-03-21T15:06Z","Illinois State Water Survey Central Analytical Laboratory",414.0,0.00758,5,"2024-03-22","A",,
"12d889c6-4edd-4391-b180-7d2552cff5ca","D11","PRIN","PRIN.AOS.S2","PRIN.SS.20240321.FIL","A00000420157","2024-03-21T15:06Z","2024-03-21T15:06Z","Illinois State Water Survey Central Analytical Laboratory",404.0,0.00892,5,"2024-03-22","A",,
"b1ca47a7-9c4c-4823-bd83-6f84c8af3f4f","D11","PRIN","PRIN.AOS.S2","PRIN.SS.20240321.FIL","A00000420157","2024-03-21T15:06Z","2024-03-21T15:06Z","Illinois State Water Survey Central Analytical Laboratory",502.0,0.00216,5,"2024-03-22","A",,
"6f104399-3b76-40cc-b600-c21f2c13ac08","D11","PRIN","PRIN.AOS.S2","PRIN.SS.20240321.FIL","A00000420157","2024-03-21T15:06Z","2024-03-21T15:06Z","Illinois State Water Survey Central Analytical Laboratory",536.0,0.00136,5,"2024-03-22","B",,
"b10701d4-67a5-4b09-a524-a75a2a630ba6","D11","PRIN","PRIN.AOS.S2","PRIN.SS.20240321.FIL","A00000420157","2024-03-21T15:06Z","2024-03-21T15:06Z","Illinois State Water Survey Central Analytical Laboratory",222.0,0.15424,5,"2024-03-22","A",,
"32198f56-e3ff-4a3e-9807-fc4d1b107b3b","D11","PRIN","PRIN.AOS.S2","PRIN.SS.20240321.FIL","A00000420157","2024-03-21T15:06Z","2024-03-21T15:06Z","Illinois State Water Survey Central Analytical Laboratory",342.0,0.02322,5,"2024-03-22","B",,
"72abcf23-e218-468c-b2c4-1c9595cbb6ee","D11","PRIN","PRIN.AOS.S2","PRIN.SS.20240321.FIL","A00000420157","2024-03-21T15:06Z","2024-03-21T15:06Z","Illinois State Water Survey Central Analytical Laboratory",226.0,0.13414,5,"2024-03-22","B",,
"229e25bb-e932-483b-bf40-951815f04873","D11","PRIN","PRIN.AOS.S2","PRIN.SS.20240321.FIL","A00000420157","2024-03-21T15:06Z","2024-03-21T15:06Z","Illinois State Water Survey Central Analytical Laboratory",244.0,0.09248,5,"2024-03-22","B",,
"1db31465-258f-4cff-be0a-ad7f3f8a892b","D11","PRIN","PRIN.AOS.S2","PRIN.SS.20240321.FIL","A00000420157","2024-03-21T15:06Z","2024-03-21T15:06Z","Illinois State Water Survey Central Analytical Laboratory",380.0,0.01272,5,"2024-03-22","B",,
"26576214-c4cf-4a50-bd46-705ac788af8f","D11","PRIN","PRIN.AOS.S2","PRIN.SS.20240321.FIL","A00000420157","2024-03-21T15:06Z","2024-03-21T15:06Z","Illinois State Water Survey Central Analytical Laboratory",352.0,0.02010,5,"2024-03-22","A",,
"aba289d2-1666-4eb6-b7dd-d1838dd511f7","D11","PRIN","PRIN.AOS.S2","PRIN.SS.20240321.FIL","A00000420157","2024-03-21T15:06Z","2024-03-21T15:06Z","Illinois State Water Survey Central Analytical Laboratory",564.0,0.00116,5,"2024-03-22","B",,
"d198e710-70a4-47d7-be3f-df72349e2952","D11","PRIN","PRIN.AOS.S2","PRIN.SS.20240321.FIL","A00000420157","2024-03-21T15:06Z","2024-03-21T15:06Z","Illinois State Water Survey Central Analytical Laboratory",402.0,0.00916,5,"2024-03-22","A",,
"8bdfad22-6788-4708-9165-f195bfd912b8","D11","PRIN","PRIN.AOS.S2","PRIN.SS.20240321.FIL","A00000420157","2024-03-21T15:06Z","2024-03-21T15:06Z","Illinois State Water Survey Central Analytical Laboratory",256.0,0.08158,5,"2024-03-22","B",,
"c05d752a-787f-4cd8-8c66-ea5d1256c4de","D11","PRIN","PRIN.AOS.S2","PRIN.SS.20240321.FIL","A00000420157","2024-03-21T15:06Z","2024-03-21T15:06Z","Illinois State Water Survey Central Analytical Laboratory",508.0,0.00198,5,"2024-03-22","A",,
"c1d67995-4fca-4f42-b20d-c11451258594","D11","PRIN","PRIN.AOS.S2","PRIN.SS.20240321.FIL","A00000420157","2024-03-21T15:06Z","2024-03-21T15:06Z","Illinois State Water Survey Central Analytical Laboratory",332.0,0.02714,5,"2024-03-22","B",,
"b224ea24-e71b-4575-a432-7e76a7630235","D11","PRIN","PRIN.AOS.S2","PRIN.SS.20240321.FIL","A00000420157","2024-03-21T15:06Z","2024-03-21T15:06Z","Illinois State Water Survey Central Analytical Laboratory",514.0,0.00180,5,"2024-03-22","B",,
"0ba6422f-bedb-48b4-8816-237c74e4ebbf","D11","PRIN","PRIN.AOS.S2","PRIN.SS.20240321.FIL","A00000420157","2024-03-21T15:06Z","2024-03-21T15:06Z","Illinois State Water Survey Central Analytical Laboratory",356.0,0.01900,5,"2024-03-22","A",,
"5f2b6507-3339-4b4e-8cdc-1338b331e326","D11","PRIN","PRIN.AOS.S2","PRIN.SS.20240321.FIL","A00000420157","2024-03-21T15:06Z","2024-03-21T15:06Z","Illinois State Water Survey Central Analytical Laboratory",468.0,0.00336,5,"2024-03-22","B",,
"5f37554e-ebe7-44ab-ac6e-15063e5a744a","D11","PRIN","PRIN.AOS.S2","PRIN.SS.20240321.FIL","A00000420157","2024-03-21T15:06Z","2024-03-21T15:06Z","Illinois State Water Survey Central Analytical Laboratory",418.0,0.00728,5,"2024-03-22","A",,
"b29786b6-daa6-4ec4-9f77-593d91ace56d","D11","PRIN","PRIN.AOS.S2","PRIN.SS.20240321.FIL","A00000420157","2024-03-21T15:06Z","2024-03-21T15:06Z","Illinois State Water Survey Central Analytical Laboratory",476.0,0.00304,5,"2024-03-22","B",,
"c2b616ad-f94f-4f48-8044-d7e9f732fbaa","D11","PRIN","PRIN.AOS.S2","PRIN.SS.20240321.FIL","A00000420157","2024-03-21T15:06Z","2024-03-21T15:06Z","Illinois State Water Survey Central Analytical Laboratory",554.0,0.00134,5,"2024-03-22","A",,
"5af5f0e7-df9d-4004-9287-a89646228df4","D11","PRIN","PRIN.AOS.S2","PRIN.SS.20240321.FIL","A00000420157","2024-03-21T15:06Z","2024-03-21T15:06Z","Illinois State Water Survey Central Analytical Laboratory",432.0,0.00588,5,"2024-03-22","A",,
"a271e4a2-1b44-4f56-84fa-e7c0939f47c0","D11","PRIN","PRIN.AOS.S2","PRIN.SS.20240321.FIL","A00000420157","2024-03-21T15:06Z","2024-03-21T15:06Z","Illinois State Water Survey Central Analytical Laboratory",282.0,0.06104,5,"2024-03-22","A",,
"a7c2408b-0796-47f7-851c-bdca20497150","D11","PRIN","PRIN.AOS.S2","PRIN.SS.20240321.FIL","A00000420157","2024-03-21T15:06Z","2024-03-21T15:06Z","Illinois State Water Survey Central Analytical Laboratory",570.0,0.00116,5,"2024-03-22","B",,
"fe13497f-72ee-44bf-a121-77e92f06ef94","D11","PRIN","PRIN.AOS.S2","PRIN.SS.20240321.FIL","A00000420157","2024-03-21T15:06Z","2024-03-21T15:06Z","Illinois State Water Survey Central Analytical Laboratory",318.0,0.03418,5,"2024-03-22","A",,
"5c9d3f41-5a30-4e51-9ae3-0173a4927bf4","D11","PRIN","PRIN.AOS.S2","PRIN.SS.20240321.FIL","A00000420157","2024-03-21T15:06Z","2024-03-21T15:06Z","Illinois State Water Survey Central Analytical Laboratory",466.0,0.00356,5,"2024-03-22","A",,
"d29556ba-490e-46ad-a728-d0f4fd7c4b99","D11","PRIN","PRIN.AOS.S2","PRIN.SS.20240321.FIL","A00000420157","2024-03-21T15:06Z","2024-03-21T15:06Z","Illinois State Water Survey Central Analytical Laboratory",596.0,0.00082,5,"2024-03-22","A",,
"2d5ebc7e-f3ca-4053-9318-2cbeb78c55ba","D11","PRIN","PRIN.AOS.S2","PRIN.SS.20240321.FIL","A00000420157","2024-03-21T15:06Z","2024-03-21T15:06Z","Illinois State Water Survey Central Analytical Laboratory",348.0,0.02120,5,"2024-03-22","B",,
"3ae2c042-df3d-4d8f-8c93-1be5d0667b08","D11","PRIN","PRIN.AOS.S2","PRIN.SS.20240321.FIL","A00000420157","2024-03-21T15:06Z","2024-03-21T15:06Z","Illinois State Water Survey Central Analytical Laboratory",350.0,0.02076,5,"2024-03-22","A",,
"4162769b-1f11-4126-a9f6-c9076a94b431","D11","PRIN","PRIN.AOS.S2","PRIN.SS.20240321.FIL","A00000420157","2024-03-21T15:06Z","2024-03-21T15:06Z","Illinois State Water Survey Central Analytical Laboratory",312.0,0.03750,5,"2024-03-22","A",,
"a26bf47a-da0c-4ead-9603-457ba229cb7f","D11","PRIN","PRIN.AOS.S2","PRIN.SS.20240321.FIL","A00000420157","2024-03-21T15:06Z","2024-03-21T15:06Z","Illinois State Water Survey Central Analytical Laboratory",514.0,0.00184,5,"2024-03-22","A",,
"431b4f78-52ec-48af-af35-57b73e2b5609","D11","PRIN","PRIN.AOS.S2","PRIN.SS.20240321.FIL","A00000420157","2024-03-21T15:06Z","2024-03-21T15:06Z","Illinois State Water Survey Central Analytical Laboratory",542.0,0.00146,5,"2024-03-22","A",,
"a3a01406-aeda-42ea-ad2b-3ab3335def27","D11","PRIN","PRIN.AOS.S2","PRIN.SS.20240321.FIL","A00000420157","2024-03-21T15:06Z","2024-03-21T15:06Z","Illinois State Water Survey Central Analytical Laboratory",314.0,0.03624,5,"2024-03-22","A",,
"d5a1585c-7599-4f95-bd8b-d78f97d37b26","D11","PRIN","PRIN.AOS.S2","PRIN.SS.20240321.FIL","A00000420157","2024-03-21T15:06Z","2024-03-21T15:06Z","Illinois State Water Survey Central Analytical Laboratory",410.0,0.00806,5,"2024-03-22","B",,
"d3c1f163-aafc-466c-893d-8c58931d3947","D11","PRIN","PRIN.AOS.S2","PRIN.SS.20240321.FIL","A00000420157","2024-03-21T15:06Z","2024-03-21T15:06Z","Illinois State Water Survey Central Analytical Laboratory",492.0,0.00252,5,"2024-03-22","A",,
"2f811bb2-391d-4a8b-a93c-ab5b4008dc0c","D11","PRIN","PRIN.AOS.S2","PRIN.SS.20240321.FIL","A00000420157","2024-03-21T15:06Z","2024-03-21T15:06Z","Illinois State Water Survey Central Analytical Laboratory",400.0,0.00934,5,"2024-03-22","B",,
"d29bc89a-eb35-4529-9089-0b82a4ebd289","D11","PRIN","PRIN.AOS.S2","PRIN.SS.20240321.FIL","A00000420157","2024-03-21T15:06Z","2024-03-21T15:06Z","Illinois State Water Survey Central Analytical Laboratory",506.0,0.00204,5,"2024-03-22","B",,
"0d4b0bc9-fb5c-4747-a2d9-cb948453f2c5","D11","PRIN","PRIN.AOS.S2","PRIN.SS.20240321.FIL","A00000420157","2024-03-21T15:06Z","2024-03-21T15:06Z","Illinois State Water Survey Central Analytical Laboratory",594.0,0.00086,5,"2024-03-22","A",,
"31bae657-bf1e-4b6c-b99a-5471d637b1eb","D11","PRIN","PRIN.AOS.S2","PRIN.SS.20240321.FIL","A00000420157","2024-03-21T15:06Z","2024-03-21T15:06Z","Illinois State Water Survey Central Analytical Laboratory",346.0,0.02204,5,"2024-03-22","A",,
"0db88435-e0c9-4d7b-ac04-43c509ca32fc","D11","PRIN","PRIN.AOS.S2","PRIN.SS.20240321.FIL","A00000420157","2024-03-21T15:06Z","2024-03-21T15:06Z","Illinois State Water Survey Central Analytical Laboratory",388.0,0.01116,5,"2024-03-22","B",,
"5cc7882a-b50f-4717-885c-28b40334f223","D11","PRIN","PRIN.AOS.S2","PRIN.SS.20240321.FIL","A00000420157","2024-03-21T15:06Z","2024-03-21T15:06Z","Illinois State Water Survey Central Analytical Laboratory",518.0,0.00170,5,"2024-03-22","B",,
"065c6aa6-d697-4787-8605-3519fdedc98f","D11","PRIN","PRIN.AOS.S2","PRIN.SS.20240321.FIL","A00000420157","2024-03-21T15:06Z","2024-03-21T15:06Z","Illinois State Water Survey Central Analytical Laboratory",530.0,0.00168,5,"2024-03-22","A",,
"994cce4e-fce4-4315-a6bb-5c1e294103d0","D11","PRIN","PRIN.AOS.S2","PRIN.SS.20240321.FIL","A00000420157","2024-03-21T15:06Z","2024-03-21T15:06Z","Illinois State Water Survey Central Analytical Laboratory",248.0,0.08802,5,"2024-03-22","B",,
"41446579-2679-4332-a558-dcf2b0aabc4e","D11","PRIN","PRIN.AOS.S2","PRIN.SS.20240321.FIL","A00000420157","2024-03-21T15:06Z","2024-03-21T15:06Z","Illinois State Water Survey Central Analytical Laboratory",284.0,0.05886,5,"2024-03-22","B",,
"eea040b3-cd12-47a9-959a-ca28d9655d86","D11","PRIN","PRIN.AOS.S2","PRIN.SS.20240321.FIL","A00000420157","2024-03-21T15:06Z","2024-03-21T15:06Z","Illinois State Water Survey Central Analytical Laboratory",360.0,0.01764,5,"2024-03-22","B",,
"3c4667e6-42e0-48d0-b4b3-3e0b3dbbdf51","D11","PRIN","PRIN.AOS.S2","PRIN.SS.20240321.FIL","A00000420157","2024-03-21T15:06Z","2024-03-21T15:06Z","Illinois State Water Survey Central Analytical Laboratory",572.0,0.00120,5,"2024-03-22","A",,
"5706e046-8f11-46c0-ab77-61f2714a6da9","D11","PRIN","PRIN.AOS.S2","PRIN.SS.20240321.FIL","A00000420157","2024-03-21T15:06Z","2024-03-21T15:06Z","Illinois State Water Survey Central Analytical Laboratory",316.0,0.03506,5,"2024-03-22","B",,
"7121e2ca-c3a8-4535-bed0-aa8ec18c6541","D11","PRIN","PRIN.AOS.S2","PRIN.SS.20240321.FIL","A00000420157","2024-03-21T15:06Z","2024-03-21T15:06Z","Illinois State Water Survey Central Analytical Laboratory",244.0,0.09286,5,"2024-03-22","A",,
"afbd4955-28c2-4687-aed6-fb50862d2109","D11","PRIN","PRIN.AOS.S2","PRIN.SS.20240321.FIL","A00000420157","2024-03-21T15:06Z","2024-03-21T15:06Z","Illinois State Water Survey Central Analytical Laboratory",426.0,0.00624,5,"2024-03-22","B",,
"47d08958-0806-43db-bc0d-bbe54d8825b6","D11","PRIN","PRIN.AOS.S2","PRIN.SS.20240321.FIL","A00000420157","2024-03-21T15:06Z","2024-03-21T15:06Z","Illinois State Water Survey Central Analytical Laboratory",564.0,0.00118,5,"2024-03-22","A",,
"ee899099-5518-4c20-957f-f399736a2dc5","D11","PRIN","PRIN.AOS.S2","PRIN.SS.20240321.FIL","A00000420157","2024-03-21T15:06Z","2024-03-21T15:06Z","Illinois State Water Survey Central Analytical Laboratory",440.0,0.00534,5,"2024-03-22","A",,
"255e1b57-878e-4685-af3f-bc89c1163a25","D11","PRIN","PRIN.AOS.S2","PRIN.SS.20240321.FIL","A00000420157","2024-03-21T15:06Z","2024-03-21T15:06Z","Illinois State Water Survey Central Analytical Laboratory",450.0,0.00466,5,"2024-03-22","A",,
"a7607113-dfaf-419c-a194-f2b186f6789e","D11","PRIN","PRIN.AOS.S2","PRIN.SS.20240321.FIL","A00000420157","2024-03-21T15:06Z","2024-03-21T15:06Z","Illinois State Water Survey Central Analytical Laboratory",456.0,0.00408,5,"2024-03-22","B",,
"963e3821-7a49-4784-97f3-8a498ea51933","D11","PRIN","PRIN.AOS.S2","PRIN.SS.20240321.FIL","A00000420157","2024-03-21T15:06Z","2024-03-21T15:06Z","Illinois State Water Survey Central Analytical Laboratory",358.0,0.01840,5,"2024-03-22","A",,
"6f29a108-38b6-4ec3-83b7-1f86525d7c71","D11","PRIN","PRIN.AOS.S2","PRIN.SS.20240321.FIL","A00000420157","2024-03-21T15:06Z","2024-03-21T15:06Z","Illinois State Water Survey Central Analytical Laboratory",374.0,0.01414,5,"2024-03-22","A",,
"58e4075f-f22e-48da-b64b-33fe08e81cd7","D11","PRIN","PRIN.AOS.S2","PRIN.SS.20240321.FIL","A00000420157","2024-03-21T15:06Z","2024-03-21T15:06Z","Illinois State Water Survey Central Analytical Laboratory",314.0,0.03602,5,"2024-03-22","B",,
"a456ff03-3bc6-40a7-a910-bc6b537828ad","D11","PRIN","PRIN.AOS.S2","PRIN.SS.20240321.FIL","A00000420157","2024-03-21T15:06Z","2024-03-21T15:06Z","Illinois State Water Survey Central Analytical Laboratory",450.0,0.00440,5,"2024-03-22","B",,
"7c399f5f-3d7d-4f6f-a1e6-e282a6afb5d3","D11","PRIN","PRIN.AOS.S2","PRIN.SS.20240321.FIL","A00000420157","2024-03-21T15:06Z","2024-03-21T15:06Z","Illinois State Water Survey Central Analytical Laboratory",404.0,0.00876,5,"2024-03-22","B",,
"be782622-a6b0-4992-afca-059eef806f8a","D11","PRIN","PRIN.AOS.S2","PRIN.SS.20240321.FIL","A00000420157","2024-03-21T15:06Z","2024-03-21T15:06Z","Illinois State Water Survey Central Analytical Laboratory",428.0,0.00610,5,"2024-03-22","B",,
"ed1b9cd3-6a8a-4c3a-ac7f-9735bec10e5b","D11","PRIN","PRIN.AOS.S2","PRIN.SS.20240321.FIL","A00000420157","2024-03-21T15:06Z","2024-03-21T15:06Z","Illinois State Water Survey Central Analytical Laboratory",420.0,0.00682,5,"2024-03-22","B",,
"5e0e6470-6dd7-4cc6-ad07-dc08f14288d0","D11","PRIN","PRIN.AOS.S2","PRIN.SS.20240321.FIL","A00000420157","2024-03-21T15:06Z","2024-03-21T15:06Z","Illinois State Water Survey Central Analytical Laboratory",240.0,0.09828,5,"2024-03-22","A",,
"c3825671-1223-4173-9e0a-e9ba126821fa","D11","PRIN","PRIN.AOS.S2","PRIN.SS.20240321.FIL","A00000420157","2024-03-21T15:06Z","2024-03-21T15:06Z","Illinois State Water Survey Central Analytical Laboratory",444.0,0.00480,5,"2024-03-22","B",,
"3a745c60-ad97-47c7-a004-5f6e98d5eb95","D11","PRIN","PRIN.AOS.S2","PRIN.SS.20240321.FIL","A00000420157","2024-03-21T15:06Z","2024-03-21T15:06Z","Illinois State Water Survey Central Analytical Laboratory",506.0,0.00206,5,"2024-03-22","A",,
"566a3451-4963-4886-a090-8c6e2e3562fb","D11","PRIN","PRIN.AOS.S2","PRIN.SS.20240321.FIL","A00000420157","2024-03-21T15:06Z","2024-03-21T15:06Z","Illinois State Water Survey Central Analytical Laboratory",434.0,0.00558,5,"2024-03-22","B",,
"009023d8-5157-413a-a05b-dd19ab55e3a8","D11","PRIN","PRIN.AOS.S2","PRIN.SS.20240321.FIL","A00000420157","2024-03-21T15:06Z","2024-03-21T15:06Z","Illinois State Water Survey Central Analytical Laboratory",320.0,0.03292,5,"2024-03-22","B",,
"387f5e20-1820-48d7-be49-325348542828","D11","PRIN","PRIN.AOS.S2","PRIN.SS.20240321.FIL","A00000420157","2024-03-21T15:06Z","2024-03-21T15:06Z","Illinois State Water Survey Central Analytical Laboratory",544.0,0.00128,5,"2024-03-22","B",,
"6f1df637-36db-4763-8d4a-b42504ad46d8","D11","PRIN","PRIN.AOS.S2","PRIN.SS.20240321.FIL","A00000420157","2024-03-21T15:06Z","2024-03-21T15:06Z","Illinois State Water Survey Central Analytical Laboratory",334.0,0.02662,5,"2024-03-22","A",,
"6352be47-bcb8-40e6-87e1-34ab721dfb4a","D11","PRIN","PRIN.AOS.S2","PRIN.SS.20240321.FIL","A00000420157","2024-03-21T15:06Z","2024-03-21T15:06Z","Illinois State Water Survey Central Analytical Laboratory",370.0,0.01508,5,"2024-03-22","A",,
"67827f7c-cbc7-4833-83bd-070e1f61eca1","D11","PRIN","PRIN.AOS.S2","PRIN.SS.20240321.FIL","A00000420157","2024-03-21T15:06Z","2024-03-21T15:06Z","Illinois State Water Survey Central Analytical Laboratory",364.0,0.01656,5,"2024-03-22","B",,
"a8e0519a-d9ad-4294-b59e-d1323c2d09c2","D11","PRIN","PRIN.AOS.S2","PRIN.SS.20240321.FIL","A00000420157","2024-03-21T15:06Z","2024-03-21T15:06Z","Illinois State Water Survey Central Analytical Laboratory",406.0,0.00854,5,"2024-03-22","B",,
"7e96d5da-29b7-4d52-971f-7b33eaa7d337","D11","PRIN","PRIN.AOS.S2","PRIN.SS.20240321.FIL","A00000420157","2024-03-21T15:06Z","2024-03-21T15:06Z","Illinois State Water Survey Central Analytical Laboratory",436.0,0.00540,5,"2024-03-22","B",,
"9574d5ec-f392-4b30-a3e2-53536a7014a8","D11","PRIN","PRIN.AOS.S2","PRIN.SS.20240321.FIL","A00000420157","2024-03-21T15:06Z","2024-03-21T15:06Z","Illinois State Water Survey Central Analytical Laboratory",362.0,0.01724,5,"2024-03-22","A",,
"69f38d2e-234a-477f-9d16-4d537b7f31eb","D11","PRIN","PRIN.AOS.S2","PRIN.SS.20240321.FIL","A00000420157","2024-03-21T15:06Z","2024-03-21T15:06Z","Illinois State Water Survey Central Analytical Laboratory",502.0,0.00212,5,"2024-03-22","B",,
"784d7876-5bce-4616-9aaf-774d43760a58","D11","PRIN","PRIN.AOS.S2","PRIN.SS.20240321.FIL","A00000420157","2024-03-21T15:06Z","2024-03-21T15:06Z","Illinois State Water Survey Central Analytical Laboratory",338.0,0.02476,5,"2024-03-22","B",,
"56c7cf19-0e8b-4187-8148-0f8fc647027e","D11","PRIN","PRIN.AOS.S2","PRIN.SS.20240321.FIL","A00000420157","2024-03-21T15:06Z","2024-03-21T15:06Z","Illinois State Water Survey Central Analytical Laboratory",344.0,0.02252,5,"2024-03-22","B",,
"17aebe81-1f0c-4edf-a7e9-906884b04456","D11","PRIN","PRIN.AOS.S2","PRIN.SS.20240321.FIL","A00000420157","2024-03-21T15:06Z","2024-03-21T15:06Z","Illinois State Water Survey Central Analytical Laboratory",418.0,0.00700,5,"2024-03-22","B",,
"3d58fbd4-d2d5-437e-912e-0fa6abac55dc","D11","PRIN","PRIN.AOS.S2","PRIN.SS.20240321.FIL","A00000420157","2024-03-21T15:06Z","2024-03-21T15:06Z","Illinois State Water Survey Central Analytical Laboratory",484.0,0.00282,5,"2024-03-22","A",,
"e55fc63b-c731-4359-b61a-fd6b5d265b9b","D11","PRIN","PRIN.AOS.S2","PRIN.SS.20240321.FIL","A00000420157","2024-03-21T15:06Z","2024-03-21T15:06Z","Illinois State Water Survey Central Analytical Laboratory",406.0,0.00870,5,"2024-03-22","A",,
"53e2302e-e028-4866-9a88-3435aea471bd","D11","PRIN","PRIN.AOS.S2","PRIN.SS.20240321.FIL","A00000420157","2024-03-21T15:06Z","2024-03-21T15:06Z","Illinois State Water Survey Central Analytical Laboratory",464.0,0.00356,5,"2024-03-22","B",,
"3e99c7d1-8ec8-40ca-9f19-668df3f9fc73","D11","PRIN","PRIN.AOS.S2","PRIN.SS.20240321.FIL","A00000420157","2024-03-21T15:06Z","2024-03-21T15:06Z","Illinois State Water Survey Central Analytical Laboratory",274.0,0.06798,5,"2024-03-22","B",,
"3109b52b-48ef-4dfd-babf-0868379ec620","D11","PRIN","PRIN.AOS.S2","PRIN.SS.20240321.FIL","A00000420157","2024-03-21T15:06Z","2024-03-21T15:06Z","Illinois State Water Survey Central Analytical Laboratory",376.0,0.01378,5,"2024-03-22","A",,
"7cb4f227-8a03-4b82-a52c-09ad45dd0c35","D11","PRIN","PRIN.AOS.S2","PRIN.SS.20240321.FIL","A00000420157","2024-03-21T15:06Z","2024-03-21T15:06Z","Illinois State Water Survey Central Analytical Laboratory",272.0,0.06970,5,"2024-03-22","B",,
"a3a2f500-ad5d-4a7b-acd9-0b6a09167644","D11","PRIN","PRIN.AOS.S2","PRIN.SS.20240321.FIL","A00000420157","2024-03-21T15:06Z","2024-03-21T15:06Z","Illinois State Water Survey Central Analytical Laboratory",442.0,0.00496,5,"2024-03-22","B",,
"367ad221-8b8a-4abc-ac7d-df4bfc947770","D11","PRIN","PRIN.AOS.S2","PRIN.SS.20240321.FIL","A00000420157","2024-03-21T15:06Z","2024-03-21T15:06Z","Illinois State Water Survey Central Analytical Laboratory",436.0,0.00550,5,"2024-03-22","A",,
"1d53ab94-d35a-4ffa-99c5-ff19b4494f24","D11","PRIN","PRIN.AOS.S2","PRIN.SS.20240321.FIL","A00000420157","2024-03-21T15:06Z","2024-03-21T15:06Z","Illinois State Water Survey Central Analytical Laboratory",398.0,0.00962,5,"2024-03-22","B",,
"84f7b5f5-9b2e-4964-873b-6f689899eacf","D11","PRIN","PRIN.AOS.S2","PRIN.SS.20240321.FIL","A00000420157","2024-03-21T15:06Z","2024-03-21T15:06Z","Illinois State Water Survey Central Analytical Laboratory",366.0,0.01620,5,"2024-03-22","A",,
"8c0eea9c-aa71-4c1a-9090-68fa1f9827e6","D11","PRIN","PRIN.AOS.S2","PRIN.SS.20240321.FIL","A00000420157","2024-03-21T15:06Z","2024-03-21T15:06Z","Illinois State Water Survey Central Analytical Laboratory",478.0,0.00300,5,"2024-03-22","A",,
"3f41db89-874b-4fde-ac07-84b58555c6dc","D11","PRIN","PRIN.AOS.S2","PRIN.SS.20240321.FIL","A00000420157","2024-03-21T15:06Z","2024-03-21T15:06Z","Illinois State Water Survey Central Analytical Laboratory",462.0,0.00384,5,"2024-03-22","A",,
"4fa6a258-eb62-482f-a869-1a62bb75ad46","D11","PRIN","PRIN.AOS.S2","PRIN.SS.20240321.FIL","A00000420157","2024-03-21T15:06Z","2024-03-21T15:06Z","Illinois State Water Survey Central Analytical Laboratory",302.0,0.04376,5,"2024-03-22","A",,
"d44bfd1e-e039-42c4-9d6c-2b9e9b32e801","D11","PRIN","PRIN.AOS.S2","PRIN.SS.20240321.FIL","A00000420157","2024-03-21T15:06Z","2024-03-21T15:06Z","Illinois State Water Survey Central Analytical Laboratory",558.0,0.00126,5,"2024-03-22","B",,
"9be714eb-71a8-4a3d-a8ff-c618d7019948","D11","PRIN","PRIN.AOS.S2","PRIN.SS.20240321.FIL","A00000420157","2024-03-21T15:06Z","2024-03-21T15:06Z","Illinois State Water Survey Central Analytical Laboratory",584.0,0.00094,5,"2024-03-22","B",,
"8060db74-388d-475b-b069-800129d382cc","D11","PRIN","PRIN.AOS.S2","PRIN.SS.20240321.FIL","A00000420157","2024-03-21T15:06Z","2024-03-21T15:06Z","Illinois State Water Survey Central Analytical Laboratory",270.0,0.07116,5,"2024-03-22","B",,
"fdc3c38a-f2f2-49c3-9c72-9cea50dbc22b","D11","PRIN","PRIN.AOS.S2","PRIN.SS.20240321.FIL","A00000420157","2024-03-21T15:06Z","2024-03-21T15:06Z","Illinois State Water Survey Central Analytical Laboratory",264.0,0.07590,5,"2024-03-22","B",,
"3f435f66-bb87-43fc-95c2-c10d52950ed0","D11","PRIN","PRIN.AOS.S2","PRIN.SS.20240321.FIL","A00000420157","2024-03-21T15:06Z","2024-03-21T15:06Z","Illinois State Water Survey Central Analytical Laboratory",590.0,0.00084,5,"2024-03-22","B",,
"3b6998b9-bc37-4c48-95ab-c856dc3f1864","D11","PRIN","PRIN.AOS.S2","PRIN.SS.20240321.FIL","A00000420157","2024-03-21T15:06Z","2024-03-21T15:06Z","Illinois State Water Survey Central Analytical Laboratory",500.0,0.00220,5,"2024-03-22","B",,
"d1e908dc-525c-4c1f-aa6e-dfbbceabfe6d","D11","PRIN","PRIN.AOS.S2","PRIN.SS.20240321.FIL","A00000420157","2024-03-21T15:06Z","2024-03-21T15:06Z","Illinois State Water Survey Central Analytical Laboratory",242.0,0.09516,5,"2024-03-22","A",,
"b4e989ea-c6f4-49bf-8759-cce7ebacacdf","D11","PRIN","PRIN.AOS.S2","PRIN.SS.20240321.FIL","A00000420157","2024-03-21T15:06Z","2024-03-21T15:06Z","Illinois State Water Survey Central Analytical Laboratory",378.0,0.01318,5,"2024-03-22","B",,
"bc119c02-4f20-455c-895f-8d3c07f65203","D11","PRIN","PRIN.AOS.S2","PRIN.SS.20240321.FIL","A00000420157","2024-03-21T15:06Z","2024-03-21T15:06Z","Illinois State Water Survey Central Analytical Laboratory",422.0,0.00658,5,"2024-03-22","B",,
"dfed5225-ac30-4a56-a3c7-5ffe06316a26","D11","PRIN","PRIN.AOS.S2","PRIN.SS.20240321.FIL","A00000420157","2024-03-21T15:06Z","2024-03-21T15:06Z","Illinois State Water Survey Central Analytical Laboratory",368.0,0.01546,5,"2024-03-22","B",,
"2a23ad60-ae72-4f79-9427-707560775b25","D11","PRIN","PRIN.AOS.S2","PRIN.SS.20240321.FIL","A00000420157","2024-03-21T15:06Z","2024-03-21T15:06Z","Illinois State Water Survey Central Analytical Laboratory",540.0,0.00140,5,"2024-03-22","A",,
"f7cc7cf8-85e9-40d8-872c-e5dcfcb823e8","D11","PRIN","PRIN.AOS.S2","PRIN.SS.20240321.FIL","A00000420157","2024-03-21T15:06Z","2024-03-21T15:06Z","Illinois State Water Survey Central Analytical Laboratory",290.0,0.05316,5,"2024-03-22","B",,
"48ff5c8a-6dfd-4087-b904-fc339fd33aac","D11","PRIN","PRIN.AOS.S2","PRIN.SS.20240321.FIL","A00000420157","2024-03-21T15:06Z","2024-03-21T15:06Z","Illinois State Water Survey Central Analytical Laboratory",330.0,0.02822,5,"2024-03-22","A",,
"8828e796-2cf1-4e73-8c64-38816c74c4d7","D11","PRIN","PRIN.AOS.S2","PRIN.SS.20240321.FIL","A00000420157","2024-03-21T15:06Z","2024-03-21T15:06Z","Illinois State Water Survey Central Analytical Laboratory",252.0,0.08452,5,"2024-03-22","B",,
"c3bea39e-ee75-4d2b-bce5-db8f5a427fc3","D11","PRIN","PRIN.AOS.S2","PRIN.SS.20240321.FIL","A00000420157","2024-03-21T15:06Z","2024-03-21T15:06Z","Illinois State Water Survey Central Analytical Laboratory",590.0,0.00082,5,"2024-03-22","A",,
"4b719f5a-c90e-41a7-808c-06270d1763dc","D11","PRIN","PRIN.AOS.S2","PRIN.SS.20240321.FIL","A00000420157","2024-03-21T15:06Z","2024-03-21T15:06Z","Illinois State Water Survey Central Analytical Laboratory",326.0,0.02984,5,"2024-03-22","B",,
"d774c210-4f03-4ea1-9f14-8d92326a870e","D11","PRIN","PRIN.AOS.S2","PRIN.SS.20240321.FIL","A00000420157","2024-03-21T15:06Z","2024-03-21T15:06Z","Illinois State Water Survey Central Analytical Laboratory",422.0,0.00674,5,"2024-03-22","A",,
"2af68203-4dc6-4e20-9de7-57b0b09974a8","D11","PRIN","PRIN.AOS.S2","PRIN.SS.20240321.FIL","A00000420157","2024-03-21T15:06Z","2024-03-21T15:06Z","Illinois State Water Survey Central Analytical Laboratory",508.0,0.00196,5,"2024-03-22","B",,
"08b9f1ce-3fb8-4471-89bb-4e03ecd212b0","D11","PRIN","PRIN.AOS.S2","PRIN.SS.20240321.FIL","A00000420157","2024-03-21T15:06Z","2024-03-21T15:06Z","Illinois State Water Survey Central Analytical Laboratory",360.0,0.01782,5,"2024-03-22","A",,
"79326898-c34b-461f-ac2e-2f91960c472d","D11","PRIN","PRIN.AOS.S2","PRIN.SS.20240321.FIL","A00000420157","2024-03-21T15:06Z","2024-03-21T15:06Z","Illinois State Water Survey Central Analytical Laboratory",460.0,0.00378,5,"2024-03-22","B",,
"340b008c-3b48-4932-9c01-42c3d60fac7f","D11","PRIN","PRIN.AOS.S2","PRIN.SS.20240321.FIL","A00000420157","2024-03-21T15:06Z","2024-03-21T15:06Z","Illinois State Water Survey Central Analytical Laboratory",324.0,0.03104,5,"2024-03-22","A",,
"e309fb5f-8c2b-4209-8083-608f2e0c7f6c","D11","PRIN","PRIN.AOS.S2","PRIN.SS.20240321.FIL","A00000420157","2024-03-21T15:06Z","2024-03-21T15:06Z","Illinois State Water Survey Central Analytical Laboratory",440.0,0.00508,5,"2024-03-22","B",,
"0241841d-cb64-425f-998a-a862793c3eff","D11","PRIN","PRIN.AOS.S2","PRIN.SS.20240321.FIL","A00000420157","2024-03-21T15:06Z","2024-03-21T15:06Z","Illinois State Water Survey Central Analytical Laboratory",286.0,0.05722,5,"2024-03-22","A",,
"bc863405-1d49-49a7-8bb9-8aa32956ef60","D11","PRIN","PRIN.AOS.S2","PRIN.SS.20240321.FIL","A00000420157","2024-03-21T15:06Z","2024-03-21T15:06Z","Illinois State Water Survey Central Analytical Laboratory",448.0,0.00454,5,"2024-03-22","B",,
"6ed48d70-998d-41e1-86c6-fb052c81ac30","D11","PRIN","PRIN.AOS.S2","PRIN.SS.20240321.FIL","A00000420157","2024-03-21T15:06Z","2024-03-21T15:06Z","Illinois State Water Survey Central Analytical Laboratory",324.0,0.03084,5,"2024-03-22","B",,
"c10336d9-159f-4b77-82c4-719a2657b558","D11","PRIN","PRIN.AOS.S2","PRIN.SS.20240321.FIL","A00000420157","2024-03-21T15:06Z","2024-03-21T15:06Z","Illinois State Water Survey Central Analytical Laboratory",578.0,0.00110,5,"2024-03-22","B",,
"1a7b6b23-e5d5-4589-b7d5-c7e26852551d","D11","PRIN","PRIN.AOS.S2","PRIN.SS.20240321.FIL","A00000420157","2024-03-21T15:06Z","2024-03-21T15:06Z","Illinois State Water Survey Central Analytical Laboratory",446.0,0.00482,5,"2024-03-22","A",,
"80c3389e-e727-4a33-a4c2-3b61f138c6b7","D11","PRIN","PRIN.AOS.S2","PRIN.SS.20240321.FIL","A00000420157","2024-03-21T15:06Z","2024-03-21T15:06Z","Illinois State Water Survey Central Analytical Laboratory",458.0,0.00404,5,"2024-03-22","A",,
"f511d259-61e7-4995-a871-01c547c0d696","D11","PRIN","PRIN.AOS.S2","PRIN.SS.20240321.FIL","A00000420157","2024-03-21T15:06Z","2024-03-21T15:06Z","Illinois State Water Survey Central Analytical Laboratory",226.0,0.13518,5,"2024-03-22","A",,
"6d388d3d-34bf-4f0b-b8bc-8edbc7b0c654","D11","PRIN","PRIN.AOS.S2","PRIN.SS.20240321.FIL","A00000420157","2024-03-21T15:06Z","2024-03-21T15:06Z","Illinois State Water Survey Central Analytical Laboratory",336.0,0.02568,5,"2024-03-22","A",,
"8817881f-b5d8-433c-ab88-a19f4156ba0f","D11","PRIN","PRIN.AOS.S2","PRIN.SS.20240321.FIL","A00000420157","2024-03-21T15:06Z","2024-03-21T15:06Z","Illinois State Water Survey Central Analytical Laboratory",474.0,0.00308,5,"2024-03-22","B",,
"ca589066-3562-4726-b9bc-f7421d479bd8","D11","PRIN","PRIN.AOS.S2","PRIN.SS.20240321.FIL","A00000420157","2024-03-21T15:06Z","2024-03-21T15:06Z","Illinois State Water Survey Central Analytical Laboratory",574.0,0.00108,5,"2024-03-22","B",,
"19a82f70-1063-49d4-aeac-8f51ba1c3df1","D11","PRIN","PRIN.AOS.S2","PRIN.SS.20240321.FIL","A00000420157","2024-03-21T15:06Z","2024-03-21T15:06Z","Illinois State Water Survey Central Analytical Laboratory",522.0,0.00176,5,"2024-03-22","A",,
"12a9acab-e577-49d4-be9b-4c77b659d5fc","D11","PRIN","PRIN.AOS.S2","PRIN.SS.20240321.FIL","A00000420157","2024-03-21T15:06Z","2024-03-21T15:06Z","Illinois State Water Survey Central Analytical Laboratory",224.0,0.14298,5,"2024-03-22","B",,
"f2f7c515-2d71-4a68-91be-8c055824542d","D11","PRIN","PRIN.AOS.S2","PRIN.SS.20240321.FIL","A00000420157","2024-03-21T15:06Z","2024-03-21T15:06Z","Illinois State Water Survey Central Analytical Laboratory",290.0,0.05342,5,"2024-03-22","A",,
"887c3f4e-0761-49d9-bfa0-f9ff8a837c92","D11","PRIN","PRIN.AOS.S2","PRIN.SS.20240321.FIL","A00000420157","2024-03-21T15:06Z","2024-03-21T15:06Z","Illinois State Water Survey Central Analytical Laboratory",550.0,0.00144,5,"2024-03-22","A",,
"d8fbceb9-5d8d-4f11-b368-a9bc5b37c68c","D11","PRIN","PRIN.AOS.S2","PRIN.SS.20240321.FIL","A00000420157","2024-03-21T15:06Z","2024-03-21T15:06Z","Illinois State Water Survey Central Analytical Laboratory",454.0,0.00430,5,"2024-03-22","A",,
"53314569-0936-4840-b112-adbadfdebcf3","D11","PRIN","PRIN.AOS.S2","PRIN.SS.20240321.FIL","A00000420157","2024-03-21T15:06Z","2024-03-21T15:06Z","Illinois State Water Survey Central Analytical Laboratory",574.0,0.00122,5,"2024-03-22","A",,
"a40e972e-7dbc-4e98-8b42-72ea7c29be2d","D11","PRIN","PRIN.AOS.S2","PRIN.SS.20240321.FIL","A00000420157","2024-03-21T15:06Z","2024-03-21T15:06Z","Illinois State Water Survey Central Analytical Laboratory",228.0,0.12658,5,"2024-03-22","B",,
"34aaa6b8-8362-4feb-9f23-e4a5dff1e5a5","D11","PRIN","PRIN.AOS.S2","PRIN.SS.20240321.FIL","A00000420157","2024-03-21T15:06Z","2024-03-21T15:06Z","Illinois State Water Survey Central Analytical Laboratory",584.0,0.00100,5,"2024-03-22","A",,
"7e04a959-13a0-4ae1-81db-e5b24f37ab31","D11","PRIN","PRIN.AOS.S2","PRIN.SS.20240321.FIL","A00000420157","2024-03-21T15:06Z","2024-03-21T15:06Z","Illinois State Water Survey Central Analytical Laboratory",556.0,0.00132,5,"2024-03-22","A",,
"416b152a-1ba1-41f6-b55c-b36dc5e2e213","D11","PRIN","PRIN.AOS.S2","PRIN.SS.20240321.FIL","A00000420157","2024-03-21T15:06Z","2024-03-21T15:06Z","Illinois State Water Survey Central Analytical Laboratory",600.0,0.00084,5,"2024-03-22","A",,
"052af3f0-3c2b-425c-b131-34d0eaf0528b","D11","PRIN","PRIN.AOS.S2","PRIN.SS.20240321.FIL","A00000420157","2024-03-21T15:06Z","2024-03-21T15:06Z","Illinois State Water Survey Central Analytical Laboratory",442.0,0.00520,5,"2024-03-22","A",,
"d6f6c268-5274-48d1-83b7-1ae2a8afabd7","D11","PRIN","PRIN.AOS.S2","PRIN.SS.20240321.FIL","A00000420157","2024-03-21T15:06Z","2024-03-21T15:06Z","Illinois State Water Survey Central Analytical Laboratory",420.0,0.00700,5,"2024-03-22","A",,
"e6109ce1-43da-466d-940d-2abbe5ba3c31","D11","PRIN","PRIN.AOS.S2","PRIN.SS.20240321.FIL","A00000420157","2024-03-21T15:06Z","2024-03-21T15:06Z","Illinois State Water Survey Central Analytical Laboratory",482.0,0.00286,5,"2024-03-22","A",,
"0cfbc23b-0aa8-4608-97e7-086ae8b53e3c","D11","PRIN","PRIN.AOS.S2","PRIN.SS.20240321.FIL","A00000420157","2024-03-21T15:06Z","2024-03-21T15:06Z","Illinois State Water Survey Central Analytical Laboratory",516.0,0.00178,5,"2024-03-22","A",,
"ad958fe0-65bd-40a7-aeb5-fc2b69237faf","D11","PRIN","PRIN.AOS.S2","PRIN.SS.20240321.FIL","A00000420157","2024-03-21T15:06Z","2024-03-21T15:06Z","Illinois State Water Survey Central Analytical Laboratory",310.0,0.03842,5,"2024-03-22","B",,
"aa17ddbd-123b-4a83-80fc-9d679b7293a2","D11","PRIN","PRIN.AOS.S2","PRIN.SS.20240321.FIL","A00000420157","2024-03-21T15:06Z","2024-03-21T15:06Z","Illinois State Water Survey Central Analytical Laboratory",384.0,0.01206,5,"2024-03-22","A",,
"d67ed9f6-dc71-46f2-af80-5430ca83d411","D11","PRIN","PRIN.AOS.S2","PRIN.SS.20240321.FIL","A00000420157","2024-03-21T15:06Z","2024-03-21T15:06Z","Illinois State Water Survey Central Analytical Laboratory",536.0,0.00148,5,"2024-03-22","A",,
"d0f59a6e-7371-47e5-b301-19ae000b14ff","D11","PRIN","PRIN.AOS.S2","PRIN.SS.20240321.FIL","A00000420157","2024-03-21T15:06Z","2024-03-21T15:06Z","Illinois State Water Survey Central Analytical Laboratory",510.0,0.00192,5,"2024-03-22","B",,
"3d06b1dd-c97a-478b-a127-8c72aa523873","D11","PRIN","PRIN.AOS.S2","PRIN.SS.20240321.FIL","A00000420157","2024-03-21T15:06Z","2024-03-21T15:06Z","Illinois State Water Survey Central Analytical Laboratory",568.0,0.00112,5,"2024-03-22","B",,
"a902feb9-7e8d-4e96-881a-6ad1468f2dd1","D11","PRIN","PRIN.AOS.S2","PRIN.SS.20240321.FIL","A00000420157","2024-03-21T15:06Z","2024-03-21T15:06Z","Illinois State Water Survey Central Analytical Laboratory",546.0,0.00138,5,"2024-03-22","A",,
"bcea3bca-8d63-40c6-87ad-3927e919f99f","D11","PRIN","PRIN.AOS.S2","PRIN.SS.20240321.FIL","A00000420157","2024-03-21T15:06Z","2024-03-21T15:06Z","Illinois State Water Survey Central Analytical Laboratory",548.0,0.00136,5,"2024-03-22","A",,
"c97b8fcb-59ad-4fc5-8a11-b4a4038761ef","D11","PRIN","PRIN.AOS.S2","PRIN.SS.20240321.FIL","A00000420157","2024-03-21T15:06Z","2024-03-21T15:06Z","Illinois State Water Survey Central Analytical Laboratory",438.0,0.00538,5,"2024-03-22","A",,
"b7ec3ad1-9211-4b0a-968f-2f4e5e51c52d","D11","PRIN","PRIN.AOS.S2","PRIN.SS.20240321.FIL","A00000420157","2024-03-21T15:06Z","2024-03-21T15:06Z","Illinois State Water Survey Central Analytical Laboratory",278.0,0.06452,5,"2024-03-22","B",,
"72c6992e-6c8d-4e31-aebc-0d29ad3e9747","D11","PRIN","PRIN.AOS.S2","PRIN.SS.20240321.FIL","A00000420157","2024-03-21T15:06Z","2024-03-21T15:06Z","Illinois State Water Survey Central Analytical Laboratory",416.0,0.00722,5,"2024-03-22","B",,
"51058093-ea10-4ef3-bcad-4de78bd969be","D11","PRIN","PRIN.AOS.S2","PRIN.SS.20240321.FIL","A00000420157","2024-03-21T15:06Z","2024-03-21T15:06Z","Illinois State Water Survey Central Analytical Laboratory",292.0,0.05136,5,"2024-03-22","B",,
"342ef9e7-b1ad-4208-817b-a86ce51d47b0","D11","PRIN","PRIN.AOS.S2","PRIN.SS.20240321.FIL","A00000420157","2024-03-21T15:06Z","2024-03-21T15:06Z","Illinois State Water Survey Central Analytical Laboratory",544.0,0.00138,5,"2024-03-22","A",,
"60588ee6-6b34-47cb-8330-81b814ca2f19","D11","PRIN","PRIN.AOS.S2","PRIN.SS.20240321.FIL","A00000420157","2024-03-21T15:06Z","2024-03-21T15:06Z","Illinois State Water Survey Central Analytical Laboratory",520.0,0.00168,5,"2024-03-22","B",,
"8a855959-f428-41e9-8c29-58627d1b084b","D11","PRIN","PRIN.AOS.S2","PRIN.SS.20240321.FIL","A00000420157","2024-03-21T15:06Z","2024-03-21T15:06Z","Illinois State Water Survey Central Analytical Laboratory",490.0,0.00246,5,"2024-03-22","B",,
"2b9670ac-d71e-4579-92b7-ea7fef34d823","D11","PRIN","PRIN.AOS.S2","PRIN.SS.20240321.FIL","A00000420157","2024-03-21T15:06Z","2024-03-21T15:06Z","Illinois State Water Survey Central Analytical Laboratory",298.0,0.04666,5,"2024-03-22","A",,
"1be3c8c7-c3e6-475d-a307-52d615dab6ec","D11","PRIN","PRIN.AOS.S2","PRIN.SS.20240321.FIL","A00000420157","2024-03-21T15:06Z","2024-03-21T15:06Z","Illinois State Water Survey Central Analytical Laboratory",294.0,0.04976,5,"2024-03-22","A",,
"08d1b3f4-c220-4373-aada-de1d6d404878","D11","PRIN","PRIN.AOS.S2","PRIN.SS.20240321.FIL","A00000420157","2024-03-21T15:06Z","2024-03-21T15:06Z","Illinois State Water Survey Central Analytical Laboratory",358.0,0.01818,5,"2024-03-22","B",,
"edf941e1-f0c7-49e0-86ad-01b8fa086317","D11","PRIN","PRIN.AOS.S2","PRIN.SS.20240321.FIL","A00000420157","2024-03-21T15:06Z","2024-03-21T15:06Z","Illinois State Water Survey Central Analytical Laboratory",462.0,0.00366,5,"2024-03-22","B",,
"1d8c36f6-ca6c-4ac6-90cc-e530d5e1c273","D11","PRIN","PRIN.AOS.S2","PRIN.SS.20240321.FIL","A00000420157","2024-03-21T15:06Z","2024-03-21T15:06Z","Illinois State Water Survey Central Analytical Laboratory",312.0,0.03728,5,"2024-03-22","B",,
"82593f5d-0505-4178-b2ed-3dbc31129c52","D11","PRIN","PRIN.AOS.S2","PRIN.SS.20240321.FIL","A00000420157","2024-03-21T15:06Z","2024-03-21T15:06Z","Illinois State Water Survey Central Analytical Laboratory",394.0,0.01012,5,"2024-03-22","B",,
"fbc51266-3ce7-41f4-9c96-a3a2f024367b","D11","PRIN","PRIN.AOS.S2","PRIN.SS.20240321.FIL","A00000420157","2024-03-21T15:06Z","2024-03-21T15:06Z","Illinois State Water Survey Central Analytical Laboratory",488.0,0.00254,5,"2024-03-22","B",,
"d58038bd-613f-45d9-a8d4-9c44e50c96b8","D11","PRIN","PRIN.AOS.S2","PRIN.SS.20240321.FIL","A00000420157","2024-03-21T15:06Z","2024-03-21T15:06Z","Illinois State Water Survey Central Analytical Laboratory",348.0,0.02140,5,"2024-03-22","A",,
"3c3bc51b-21b6-421c-bafa-d8019c09acbd","D11","PRIN","PRIN.AOS.S2","PRIN.SS.20240321.FIL","A00000420157","2024-03-21T15:06Z","2024-03-21T15:06Z","Illinois State Water Survey Central Analytical Laboratory",438.0,0.00528,5,"2024-03-22","B",,
"64dc2b7c-eb97-4e8e-92be-0363ba13faf9","D11","PRIN","PRIN.AOS.S2","PRIN.SS.20240321.FIL","A00000420157","2024-03-21T15:06Z","2024-03-21T15:06Z","Illinois State Water Survey Central Analytical Laboratory",308.0,0.03956,5,"2024-03-22","B",,
"2c2f1cf6-7916-494d-9667-2417b0114b3f","D11","PRIN","PRIN.AOS.S2","PRIN.SS.20240321.FIL","A00000420157","2024-03-21T15:06Z","2024-03-21T15:06Z","Illinois State Water Survey Central Analytical Laboratory",318.0,0.03396,5,"2024-03-22","B",,
"63d8226e-70bd-4fa3-ad87-1f7e4777e880","D11","PRIN","PRIN.AOS.S2","PRIN.SS.20240321.FIL","A00000420157","2024-03-21T15:06Z","2024-03-21T15:06Z","Illinois State Water Survey Central Analytical Laboratory",234.0,0.10968,5,"2024-03-22","B",,
"48608217-f393-4084-95cf-5887439292e9","D11","PRIN","PRIN.AOS.S2","PRIN.SS.20240321.FIL","A00000420157","2024-03-21T15:06Z","2024-03-21T15:06Z","Illinois State Water Survey Central Analytical Laboratory",388.0,0.01130,5,"2024-03-22","A",,
"e8953875-a5b2-40f8-94b3-be16273fa323","D11","PRIN","PRIN.AOS.S2","PRIN.SS.20240321.FIL","A00000420157","2024-03-21T15:06Z","2024-03-21T15:06Z","Illinois State Water Survey Central Analytical Laboratory",232.0,0.11564,5,"2024-03-22","A",,
"b30a51f3-fde6-462e-9430-71fe5476c7dc","D11","PRIN","PRIN.AOS.S2","PRIN.SS.20240321.FIL","A00000420157","2024-03-21T15:06Z","2024-03-21T15:06Z","Illinois State Water Survey Central Analytical Laboratory",236.0,0.10564,5,"2024-03-22","A",,
"d5982965-763c-4495-8b17-fe8cb2963364","D11","PRIN","PRIN.AOS.S2","PRIN.SS.20240321.FIL","A00000420157","2024-03-21T15:06Z","2024-03-21T15:06Z","Illinois State Water Survey Central Analytical Laboratory",500.0,0.00222,5,"2024-03-22","A",,
"be0b2f31-71f3-4092-bc44-41bfaa712ef3","D11","PRIN","PRIN.AOS.S2","PRIN.SS.20240321.FIL","A00000420157","2024-03-21T15:06Z","2024-03-21T15:06Z","Illinois State Water Survey Central Analytical Laboratory",376.0,0.01364,5,"2024-03-22","B",,
"4c01a80c-9583-42b4-be17-f788c1045c00","D11","PRIN","PRIN.AOS.S2","PRIN.SS.20240321.FIL","A00000420157","2024-03-21T15:06Z","2024-03-21T15:06Z","Illinois State Water Survey Central Analytical Laboratory",238.0,0.10180,5,"2024-03-22","A",,
"a3ca6525-0b06-4d31-b194-b1f82ebbb5a3","D11","PRIN","PRIN.AOS.S2","PRIN.SS.20240321.FIL","A00000420157","2024-03-21T15:06Z","2024-03-21T15:06Z","Illinois State Water Survey Central Analytical Laboratory",296.0,0.04782,5,"2024-03-22","B",,
"c5190107-4aa4-4890-bea5-00dbcf447493","D11","PRIN","PRIN.AOS.S2","PRIN.SS.20240321.FIL","A00000420157","2024-03-21T15:06Z","2024-03-21T15:06Z","Illinois State Water Survey Central Analytical Laboratory",364.0,0.01682,5,"2024-03-22","A",,
"4e6e4dcf-046d-46c2-9389-ef05b3046c3f","D11","PRIN","PRIN.AOS.S2","PRIN.SS.20240321.FIL","A00000420157","2024-03-21T15:06Z","2024-03-21T15:06Z","Illinois State Water Survey Central Analytical Laboratory",424.0,0.00656,5,"2024-03-22","A",,
"db141692-98f2-418f-818c-37efd76ebe62","D11","PRIN","PRIN.AOS.S2","PRIN.SS.20240321.FIL","A00000420157","2024-03-21T15:06Z","2024-03-21T15:06Z","Illinois State Water Survey Central Analytical Laboratory",562.0,0.00118,5,"2024-03-22","B",,
"bea105e2-ea6f-4243-a9f5-a114bfc53d6f","D11","PRIN","PRIN.AOS.S2","PRIN.SS.20240321.FIL","A00000420157","2024-03-21T15:06Z","2024-03-21T15:06Z","Illinois State Water Survey Central Analytical Laboratory",278.0,0.06480,5,"2024-03-22","A",,
"a519c094-ec89-4c9c-87e2-4d2f3459a9dd","D11","PRIN","PRIN.AOS.S2","PRIN.SS.20240321.FIL","A00000420157","2024-03-21T15:06Z","2024-03-21T15:06Z","Illinois State Water Survey Central Analytical Laboratory",400.0,0.00948,5,"2024-03-22","A",,
"f1c299e0-65fd-4564-8bc9-a5c448971540","D11","PRIN","PRIN.AOS.S2","PRIN.SS.20240321.FIL","A00000420157","2024-03-21T15:06Z","2024-03-21T15:06Z","Illinois State Water Survey Central Analytical Laboratory",258.0,0.08046,5,"2024-03-22","A",,
"27757e9c-f2cb-4b9c-aeb1-1bdce8c09886","D11","PRIN","PRIN.AOS.S2","PRIN.SS.20240321.FIL","A00000420157","2024-03-21T15:06Z","2024-03-21T15:06Z","Illinois State Water Survey Central Analytical Laboratory",526.0,0.00162,5,"2024-03-22","B",,
"9fcdeb81-cfc4-40e2-9f4c-2abb2a962df7","D11","PRIN","PRIN.AOS.S2","PRIN.SS.20240321.FIL","A00000420157","2024-03-21T15:06Z","2024-03-21T15:06Z","Illinois State Water Survey Central Analytical Laboratory",230.0,0.12094,5,"2024-03-22","B",,
"a36735ba-5fb5-4299-864f-aad8102ea9a1","D11","PRIN","PRIN.AOS.S2","PRIN.SS.20240321.FIL","A00000420157","2024-03-21T15:06Z","2024-03-21T15:06Z","Illinois State Water Survey Central Analytical Laboratory",546.0,0.00128,5,"2024-03-22","B",,
"eba6f54d-18ce-4b6c-8e8b-2d06a3cec0f1","D11","PRIN","PRIN.AOS.S2","PRIN.SS.20240321.FIL","A00000420157","2024-03-21T15:06Z","2024-03-21T15:06Z","Illinois State Water Survey Central Analytical Laboratory",336.0,0.02552,5,"2024-03-22","B",,
"cf3b05c7-1966-4b2c-9958-a89f68e16357","D11","PRIN","PRIN.AOS.S2","PRIN.SS.20240321.FIL","A00000420157","2024-03-21T15:06Z","2024-03-21T15:06Z","Illinois State Water Survey Central Analytical Laboratory",482.0,0.00280,5,"2024-03-22","B",,
"3378633e-35e4-4599-8f34-ebcc6ab3bfc5","D11","PRIN","PRIN.AOS.S2","PRIN.SS.20240321.FIL","A00000420157","2024-03-21T15:06Z","2024-03-21T15:06Z","Illinois State Water Survey Central Analytical Laboratory",410.0,0.00818,5,"2024-03-22","A",,
"f530200b-0b76-485d-9a33-8c1d60d0fee9","D11","PRIN","PRIN.AOS.S2","PRIN.SS.20240321.FIL","A00000420157","2024-03-21T15:06Z","2024-03-21T15:06Z","Illinois State Water Survey Central Analytical Laboratory",548.0,0.00124,5,"2024-03-22","B",,
"d207bf42-b9bf-43a7-8542-01da151df703","D11","PRIN","PRIN.AOS.S2","PRIN.SS.20240321.FIL","A00000420157","2024-03-21T15:06Z","2024-03-21T15:06Z","Illinois State Water Survey Central Analytical Laboratory",392.0,0.01050,5,"2024-03-22","B",,
"4729ed30-bece-4e42-9050-b9b84b836300","D11","PRIN","PRIN.AOS.S2","PRIN.SS.20240321.FIL","A00000420157","2024-03-21T15:06Z","2024-03-21T15:06Z","Illinois State Water Survey Central Analytical Laboratory",254.0,0.08318,5,"2024-03-22","B",,
"f75eed9b-a5fe-4800-b024-903dcfcae151","D11","PRIN","PRIN.AOS.S2","PRIN.SS.20240321.FIL","A00000420157","2024-03-21T15:06Z","2024-03-21T15:06Z","Illinois State Water Survey Central Analytical Laboratory",386.0,0.01154,5,"2024-03-22","B",,
"22324893-73d6-4ac5-8015-10c601150d44","D11","PRIN","PRIN.AOS.S2","PRIN.SS.20240321.FIL","A00000420157","2024-03-21T15:06Z","2024-03-21T15:06Z","Illinois State Water Survey Central Analytical Laboratory",350.0,0.02062,5,"2024-03-22","B",,
"e541f104-993a-43bc-96ac-e1935c1023cc","D11","PRIN","PRIN.AOS.S2","PRIN.SS.20240321.FIL","A00000420157","2024-03-21T15:06Z","2024-03-21T15:06Z","Illinois State Water Survey Central Analytical Laboratory",240.0,0.09788,5,"2024-03-22","B",,
"fc71e3eb-9344-4c08-879e-c2c440144b75","D11","PRIN","PRIN.AOS.S2","PRIN.SS.20240321.FIL","A00000420157","2024-03-21T15:06Z","2024-03-21T15:06Z","Illinois State Water Survey Central Analytical Laboratory",560.0,0.00116,5,"2024-03-22","B",,
"8728ce66-cb1e-4169-9593-b756ee5a69c7","D11","PRIN","PRIN.AOS.S2","PRIN.SS.20240321.FIL","A00000420157","2024-03-21T15:06Z","2024-03-21T15:06Z","Illinois State Water Survey Central Analytical Laboratory",446.0,0.00464,5,"2024-03-22","B",,
"07fd9f39-0e66-4678-8dc9-f3078d159ff7","D11","PRIN","PRIN.AOS.S2","PRIN.SS.20240321.FIL","A00000420157","2024-03-21T15:06Z","2024-03-21T15:06Z","Illinois State Water Survey Central Analytical Laboratory",586.0,0.00094,5,"2024-03-22","B",,
"e503bbc0-6925-4df1-a219-ebdc269b61bf","D11","PRIN","PRIN.AOS.S2","PRIN.SS.20240321.FIL","A00000420157","2024-03-21T15:06Z","2024-03-21T15:06Z","Illinois State Water Survey Central Analytical Laboratory",434.0,0.00570,5,"2024-03-22","A",,
"cebe0016-009e-4895-9841-7a64e303bb52","D11","PRIN","PRIN.AOS.S2","PRIN.SS.20240321.FIL","A00000420157","2024-03-21T15:06Z","2024-03-21T15:06Z","Illinois State Water Survey Central Analytical Laboratory",552.0,0.00140,5,"2024-03-22","A",,
"2413fc24-3e53-4f67-abef-1c461d7c3dc8","D11","PRIN","PRIN.AOS.S2","PRIN.SS.20240321.FIL","A00000420157","2024-03-21T15:06Z","2024-03-21T15:06Z","Illinois State Water Survey Central Analytical Laboratory",380.0,0.01284,5,"2024-03-22","A",,
"e354ac45-1940-4ef1-9219-34b529106a9d","D11","PRIN","PRIN.AOS.S2","PRIN.SS.20240321.FIL","A00000420157","2024-03-21T15:06Z","2024-03-21T15:06Z","Illinois State Water Survey Central Analytical Laboratory",384.0,0.01192,5,"2024-03-22","B",,
"dd8dbd0c-7f4a-4f08-91e4-d20feaede253","D11","PRIN","PRIN.AOS.S2","PRIN.SS.20240321.FIL","A00000420157","2024-03-21T15:06Z","2024-03-21T15:06Z","Illinois State Water Survey Central Analytical Laboratory",270.0,0.07150,5,"2024-03-22","A",,
"1df98460-e674-4c34-b81c-2c587a61d1a9","D11","PRIN","PRIN.AOS.S2","PRIN.SS.20240321.FIL","A00000420157","2024-03-21T15:06Z","2024-03-21T15:06Z","Illinois State Water Survey Central Analytical Laboratory",522.0,0.00172,5,"2024-03-22","B",,
"f0c69b62-840d-44b3-be6d-e8d60aa13ef6","D11","PRIN","PRIN.AOS.S2","PRIN.SS.20240321.FIL","A00000420157","2024-03-21T15:06Z","2024-03-21T15:06Z","Illinois State Water Survey Central Analytical Laboratory",582.0,0.00098,5,"2024-03-22","B",,
"93038760-067a-45c4-b43f-3230bf1d3d68","D11","PRIN","PRIN.AOS.S2","PRIN.SS.20240321.FIL","A00000420157","2024-03-21T15:06Z","2024-03-21T15:06Z","Illinois State Water Survey Central Analytical Laboratory",306.0,0.04110,5,"2024-03-22","A",,
"84af7107-37ae-4c86-bc0b-12fbf3498865","D11","PRIN","PRIN.AOS.S2","PRIN.SS.20240321.FIL","A00000420157","2024-03-21T15:06Z","2024-03-21T15:06Z","Illinois State Water Survey Central Analytical Laboratory",594.0,0.00074,5,"2024-03-22","B",,
"9e1d0166-8896-4703-8121-28c301fa59aa","D11","PRIN","PRIN.AOS.S2","PRIN.SS.20240321.FIL","A00000420157","2024-03-21T15:06Z","2024-03-21T15:06Z","Illinois State Water Survey Central Analytical Laboratory",496.0,0.00226,5,"2024-03-22","B",,
"046e7bd9-f9d4-49a5-a4a2-0c2d724c996c","D11","PRIN","PRIN.AOS.S2","PRIN.SS.20240321.FIL","A00000420157","2024-03-21T15:06Z","2024-03-21T15:06Z","Illinois State Water Survey Central Analytical Laboratory",558.0,0.00130,5,"2024-03-22","A",,
"7e32cb2d-f3b5-45aa-ae95-148a0f0111a3","D11","PRIN","PRIN.AOS.S2","PRIN.SS.20240321.FIL","A00000420157","2024-03-21T15:06Z","2024-03-21T15:06Z","Illinois State Water Survey Central Analytical Laboratory",300.0,0.04518,5,"2024-03-22","A",,
"74577b8d-3645-4922-ba41-b4dfc94e7beb","D11","PRIN","PRIN.AOS.S2","PRIN.SS.20240321.FIL","A00000420157","2024-03-21T15:06Z","2024-03-21T15:06Z","Illinois State Water Survey Central Analytical Laboratory",552.0,0.00134,5,"2024-03-22","B",,
"df7591d3-ea7e-4b20-80e8-1255f5c56835","D11","PRIN","PRIN.AOS.S2","PRIN.SS.20240321.FIL","A00000420157","2024-03-21T15:06Z","2024-03-21T15:06Z","Illinois State Water Survey Central Analytical Laboratory",578.0,0.00122,5,"2024-03-22","A",,
"b84cc963-2410-458c-ba68-78ffd05567b9","D11","PRIN","PRIN.AOS.S2","PRIN.SS.20240321.FIL","A00000420157","2024-03-21T15:06Z","2024-03-21T15:06Z","Illinois State Water Survey Central Analytical Laboratory",408.0,0.00842,5,"2024-03-22","A",,
"b225221b-5541-4e0f-accc-eddc5dbb2cb5","D11","PRIN","PRIN.AOS.S2","PRIN.SS.20240321.FIL","A00000420157","2024-03-21T15:06Z","2024-03-21T15:06Z","Illinois State Water Survey Central Analytical Laboratory",242.0,0.09476,5,"2024-03-22","B",,
"0f2b0b06-6a1a-485c-84ed-32b99c5d3c4c","D11","PRIN","PRIN.AOS.S2","PRIN.SS.20240321.FIL","A00000420157","2024-03-21T15:06Z","2024-03-21T15:06Z","Illinois State Water Survey Central Analytical Laboratory",576.0,0.00118,5,"2024-03-22","A",,
"01c2023b-7075-4370-a082-9ecbce288dd5","D11","PRIN","PRIN.AOS.S2","PRIN.SS.20240321.FIL","A00000420157","2024-03-21T15:06Z","2024-03-21T15:06Z","Illinois State Water Survey Central Analytical Laboratory",328.0,0.02914,5,"2024-03-22","A",,
"3b31fc27-cf78-478e-b079-725eeef31163","D11","PRIN","PRIN.AOS.S2","PRIN.SS.20240321.FIL","A00000420157","2024-03-21T15:06Z","2024-03-21T15:06Z","Illinois State Water Survey Central Analytical Laboratory",246.0,0.08988,5,"2024-03-22","B",,
"7ee0e573-5737-4431-8b12-d5746cc7a58f","D11","PRIN","PRIN.AOS.S2","PRIN.SS.20240321.FIL","A00000420157","2024-03-21T15:06Z","2024-03-21T15:06Z","Illinois State Water Survey Central Analytical Laboratory",598.0,0.00072,5,"2024-03-22","B",,
"49b1cb09-a426-4e1f-bcab-5ea61b6d0267","D11","PRIN","PRIN.AOS.S2","PRIN.SS.20240321.FIL","A00000420157","2024-03-21T15:06Z","2024-03-21T15:06Z","Illinois State Water Survey Central Analytical Laboratory",504.0,0.00210,5,"2024-03-22","A",,
"4788e256-e36a-4400-8f89-5b641f65bd31","D11","PRIN","PRIN.AOS.S2","PRIN.SS.20240321.FIL","A00000420157","2024-03-21T15:06Z","2024-03-21T15:06Z","Illinois State Water Survey Central Analytical Laboratory",414.0,0.00746,5,"2024-03-22","B",,
"6a776eb7-40dd-4897-b621-feb6a99a9a7f","D11","PRIN","PRIN.AOS.S2","PRIN.SS.20240321.FIL","A00000420157","2024-03-21T15:06Z","2024-03-21T15:06Z","Illinois State Water Survey Central Analytical Laboratory",274.0,0.06828,5,"2024-03-22","A",,
"683f484a-69a8-4976-97a9-f165f64bbb9b","D11","PRIN","PRIN.AOS.S2","PRIN.SS.20240321.FIL","A00000420157","2024-03-21T15:06Z","2024-03-21T15:06Z","Illinois State Water Survey Central Analytical Laboratory",576.0,0.00108,5,"2024-03-22","B",,
"25c6aec2-5a9a-45c1-a30a-99d090d2d1cd","D11","PRIN","PRIN.AOS.S2","PRIN.SS.20240321.FIL","A00000420157","2024-03-21T15:06Z","2024-03-21T15:06Z","Illinois State Water Survey Central Analytical Laboratory",250.0,0.08666,5,"2024-03-22","A",,
"a0b43827-bbc0-4682-8c60-70716fe63d09","D11","PRIN","PRIN.AOS.S2","PRIN.SS.20240321.FIL","A00000420157","2024-03-21T15:06Z","2024-03-21T15:06Z","Illinois State Water Survey Central Analytical Laboratory",398.0,0.00974,5,"2024-03-22","A",,
"b6c32150-5768-4b91-8646-306ccc56887b","D11","PRIN","PRIN.AOS.S2","PRIN.SS.20240321.FIL","A00000420157","2024-03-21T15:06Z","2024-03-21T15:06Z","Illinois State Water Survey Central Analytical Laboratory",310.0,0.03864,5,"2024-03-22","A",,
"2220029f-93ea-4670-9991-8654fe4f28f2","D11","PRIN","PRIN.AOS.S2","PRIN.SS.20240321.FIL","A00000420157","2024-03-21T15:06Z","2024-03-21T15:06Z","Illinois State Water Survey Central Analytical Laboratory",598.0,0.00086,5,"2024-03-22","A",,
"6d3769ae-9bff-4681-8e19-b9a9efaf32fb","D11","PRIN","PRIN.AOS.S2","PRIN.SS.20240321.FIL","A00000420157","2024-03-21T15:06Z","2024-03-21T15:06Z","Illinois State Water Survey Central Analytical Laboratory",468.0,0.00350,5,"2024-03-22","A",,
"194b614d-d365-4c64-bc3a-2f543b50a5df","D11","PRIN","PRIN.AOS.S2","PRIN.SS.20240321.FIL","A00000420157","2024-03-21T15:06Z","2024-03-21T15:06Z","Illinois State Water Survey Central Analytical Laboratory",480.0,0.00290,5,"2024-03-22","B",,
"2da533d0-773e-4bee-b6ad-1a2fda29f551","D11","PRIN","PRIN.AOS.S2","PRIN.SS.20240321.FIL","A00000420157","2024-03-21T15:06Z","2024-03-21T15:06Z","Illinois State Water Survey Central Analytical Laboratory",228.0,0.12732,5,"2024-03-22","A",,
"b321a7bf-5a3c-4c66-8639-afa3e5efa01a","D11","PRIN","PRIN.AOS.S2","PRIN.SS.20240321.FIL","A00000420157","2024-03-21T15:06Z","2024-03-21T15:06Z","Illinois State Water Survey Central Analytical Laboratory",516.0,0.00174,5,"2024-03-22","B",,
"1d35e327-67b6-4d39-b516-11f258b5cd3e","D11","PRIN","PRIN.AOS.S2","PRIN.SS.20240321.FIL","A00000420157","2024-03-21T15:06Z","2024-03-21T15:06Z","Illinois State Water Survey Central Analytical Laboratory",600.0,0.00080,5,"2024-03-22","B",,
"d98f2060-b5d4-4f67-95be-009cef4f0dc0","D11","PRIN","PRIN.AOS.S2","PRIN.SS.20240321.FIL","A00000420157","2024-03-21T15:06Z","2024-03-21T15:06Z","Illinois State Water Survey Central Analytical Laboratory",220.0,0.16456,5,"2024-03-22","B",,
"b752d52b-d65d-4a8e-aeec-d8db1598dc37","D11","PRIN","PRIN.AOS.S2","PRIN.SS.20240321.FIL","A00000420157","2024-03-21T15:06Z","2024-03-21T15:06Z","Illinois State Water Survey Central Analytical Laboratory",332.0,0.02732,5,"2024-03-22","A",,
"0a7b588f-fcec-4a43-a367-4d46e5c14601","D11","PRIN","PRIN.AOS.S2","PRIN.SS.20240321.FIL","A00000420157","2024-03-21T15:06Z","2024-03-21T15:06Z","Illinois State Water Survey Central Analytical Laboratory",426.0,0.00644,5,"2024-03-22","A",,
"2bf2c25b-9a96-46a3-bd79-ad4239d04d11","D11","PRIN","PRIN.AOS.S2","PRIN.SS.20240321.FIL","A00000420157","2024-03-21T15:06Z","2024-03-21T15:06Z","Illinois State Water Survey Central Analytical Laboratory",254.0,0.08352,5,"2024-03-22","A",,
"6ea89fb3-35da-4c00-b43e-42713bf66648","D11","PRIN","PRIN.AOS.S2","PRIN.SS.20240321.FIL","A00000420157","2024-03-21T15:06Z","2024-03-21T15:06Z","Illinois State Water Survey Central Analytical Laboratory",374.0,0.01398,5,"2024-03-22","B",,
"b67ccc1b-ae5e-452c-b5d2-e6e709ef3a6b","D11","PRIN","PRIN.AOS.S2","PRIN.SS.20240321.FIL","A00000420157","2024-03-21T15:06Z","2024-03-21T15:06Z","Illinois State Water Survey Central Analytical Laboratory",526.0,0.00172,5,"2024-03-22","A",,
"41d37df4-adc2-42da-870c-75da73005016","D11","PRIN","PRIN.AOS.S2","PRIN.SS.20240321.FIL","A00000420157","2024-03-21T15:06Z","2024-03-21T15:06Z","Illinois State Water Survey Central Analytical Laboratory",328.0,0.02896,5,"2024-03-22","B",,
"80d8d438-3626-4c32-802f-db4bee6f336d","D11","PRIN","PRIN.AOS.S2","PRIN.SS.20240321.FIL","A00000420157","2024-03-21T15:06Z","2024-03-21T15:06Z","Illinois State Water Survey Central Analytical Laboratory",592.0,0.00080,5,"2024-03-22","A",,
"f5a12c8a-4b2b-4a9c-b9d2-07b687a02cda","D11","PRIN","PRIN.AOS.S2","PRIN.SS.20240321.FIL","A00000420157","2024-03-21T15:06Z","2024-03-21T15:06Z","Illinois State Water Survey Central Analytical Laboratory",528.0,0.00176,5,"2024-03-22","A",,
"4638868d-6c1c-489e-90db-1ca31db876da","D11","PRIN","PRIN.AOS.S2","PRIN.SS.20240321.FIL","A00000420157","2024-03-21T15:06Z","2024-03-21T15:06Z","Illinois State Water Survey Central Analytical Laboratory",354.0,0.01928,5,"2024-03-22","B",,
"ce0d0ad6-02f6-4ac5-b35a-f00821661799","D11","PRIN","PRIN.AOS.S2","PRIN.SS.20240321.FIL","A00000420157","2024-03-21T15:06Z","2024-03-21T15:06Z","Illinois State Water Survey Central Analytical Laboratory",352.0,0.01994,5,"2024-03-22","B",,
"2d8913c6-dc66-4e8a-9440-baa2e19d637e","D11","PRIN","PRIN.AOS.S2","PRIN.SS.20240321.FIL","A00000420157","2024-03-21T15:06Z","2024-03-21T15:06Z","Illinois State Water Survey Central Analytical Laboratory",504.0,0.00208,5,"2024-03-22","B",,
"8b6daaab-cab5-4b4e-8e0d-c4fa754bf40e","D11","PRIN","PRIN.AOS.S2","PRIN.SS.20240321.FIL","A00000420157","2024-03-21T15:06Z","2024-03-21T15:06Z","Illinois State Water Survey Central Analytical Laboratory",486.0,0.00270,5,"2024-03-22","A",,
"26dddf2e-4217-42b5-9791-f69b17d75e59","D11","PRIN","PRIN.AOS.S2","PRIN.SS.20240321.FIL","A00000420157","2024-03-21T15:06Z","2024-03-21T15:06Z","Illinois State Water Survey Central Analytical Laboratory",432.0,0.00574,5,"2024-03-22","B",,
"86fff141-c6da-4735-99e3-92824550f69b","D11","PRIN","PRIN.AOS.S2","PRIN.SS.20240321.FIL","A00000420157","2024-03-21T15:06Z","2024-03-21T15:06Z","Illinois State Water Survey Central Analytical Laboratory",582.0,0.00102,5,"2024-03-22","A",,
"517bc004-1dd5-4296-8f17-0667751b94f4","D11","PRIN","PRIN.AOS.S2","PRIN.SS.20240321.FIL","A00000420157","2024-03-21T15:06Z","2024-03-21T15:06Z","Illinois State Water Survey Central Analytical Laboratory",366.0,0.01608,5,"2024-03-22","B",,
"da188940-8693-4ffa-a8e8-b7a6a4bfb462","D11","PRIN","PRIN.AOS.S2","PRIN.SS.20240321.FIL","A00000420157","2024-03-21T15:06Z","2024-03-21T15:06Z","Illinois State Water Survey Central Analytical Laboratory",510.0,0.00196,5,"2024-03-22","A",,
"07b739cd-3ff9-45de-9abc-c26ffb4895cd","D11","PRIN","PRIN.AOS.S2","PRIN.SS.20240321.FIL","A00000420157","2024-03-21T15:06Z","2024-03-21T15:06Z","Illinois State Water Survey Central Analytical Laboratory",542.0,0.00134,5,"2024-03-22","B",,
"cfa49b0c-3095-4b3a-930a-7e12187d3ae8","D11","PRIN","PRIN.AOS.S2","PRIN.SS.20240321.FIL","A00000420157","2024-03-21T15:06Z","2024-03-21T15:06Z","Illinois State Water Survey Central Analytical Laboratory",382.0,0.01240,5,"2024-03-22","A",,
"d7ff975c-5b86-4011-8e24-0eb8f1bfe0ca","D11","PRIN","PRIN.AOS.S2","PRIN.SS.20240321.FIL","A00000420157","2024-03-21T15:06Z","2024-03-21T15:06Z","Illinois State Water Survey Central Analytical Laboratory",472.0,0.00330,5,"2024-03-22","A",,
"c0b11cb4-3719-488b-ad13-89960b256341","D11","PRIN","PRIN.AOS.S2","PRIN.SS.20240321.FIL","A00000420157","2024-03-21T15:06Z","2024-03-21T15:06Z","Illinois State Water Survey Central Analytical Laboratory",282.0,0.06072,5,"2024-03-22","B",,
"658f3907-91e2-41f5-ad7a-cfb41b3afd7a","D11","PRIN","PRIN.AOS.S2","PRIN.SS.20240321.FIL","A00000420157","2024-03-21T15:06Z","2024-03-21T15:06Z","Illinois State Water Survey Central Analytical Laboratory",452.0,0.00430,5,"2024-03-22","B",,
"95d15733-881d-49ef-a546-d0fe5115628c","D11","PRIN","PRIN.AOS.S2","PRIN.SS.20240321.FIL","A00000420157","2024-03-21T15:06Z","2024-03-21T15:06Z","Illinois State Water Survey Central Analytical Laboratory",524.0,0.00172,5,"2024-03-22","A",,
"45bd61fe-b8b2-4c11-aa4e-2ac324a298a5","D11","PRIN","PRIN.AOS.S2","PRIN.SS.20240321.FIL","A00000420157","2024-03-21T15:06Z","2024-03-21T15:06Z","Illinois State Water Survey Central Analytical Laboratory",550.0,0.00134,5,"2024-03-22","B",,
"763dbfd1-b80d-40d5-9f7f-ea5b3976a9c8","D11","PRIN","PRIN.AOS.S2","PRIN.SS.20240321.FIL","A00000420157","2024-03-21T15:06Z","2024-03-21T15:06Z","Illinois State Water Survey Central Analytical Laboratory",454.0,0.00418,5,"2024-03-22","B",,
"2b1b1cab-bf44-44f2-8109-3b8309cddd49","D11","PRIN","PRIN.AOS.S2","PRIN.SS.20240321.FIL","A00000420157","2024-03-21T15:06Z","2024-03-21T15:06Z","Illinois State Water Survey Central Analytical Laboratory",494.0,0.00226,5,"2024-03-22","B",,
"95a0b1e4-d02e-488c-8064-c8ad007079d8","D11","PRIN","PRIN.AOS.S2","PRIN.SS.20240321.FIL","A00000420157","2024-03-21T15:06Z","2024-03-21T15:06Z","Illinois State Water Survey Central Analytical Laboratory",460.0,0.00396,5,"2024-03-22","A",,
"77f6b007-1aba-4f8f-bd58-eafe94346c7f","D11","PRIN","PRIN.AOS.S2","PRIN.SS.20240321.FIL","A00000420157","2024-03-21T15:06Z","2024-03-21T15:06Z","Illinois State Water Survey Central Analytical Laboratory",458.0,0.00392,5,"2024-03-22","B",,
"63589460-95b6-481e-84f1-fb0444409ed1","D11","PRIN","PRIN.AOS.S2","PRIN.SS.20240321.FIL","A00000420157","2024-03-21T15:06Z","2024-03-21T15:06Z","Illinois State Water Survey Central Analytical Laboratory",268.0,0.07326,5,"2024-03-22","A",,
"45185a05-24bc-4455-bace-25e4e9fe9923","D11","PRIN","PRIN.AOS.S2","PRIN.SS.20240321.FIL","A00000420157","2024-03-21T15:06Z","2024-03-21T15:06Z","Illinois State Water Survey Central Analytical Laboratory",340.0,0.02418,5,"2024-03-22","A",,
"d8c17d8d-f6ae-4edb-8127-7d547c7cf003","D11","PRIN","PRIN.AOS.S2","PRIN.SS.20240321.FIL","A00000420157","2024-03-21T15:06Z","2024-03-21T15:06Z","Illinois State Water Survey Central Analytical Laboratory",224.0,0.14398,5,"2024-03-22","A",,
"b32b6951-adef-41de-97fb-088d9e4aa859","D11","PRIN","PRIN.AOS.S2","PRIN.SS.20240321.FIL","A00000420157","2024-03-21T15:06Z","2024-03-21T15:06Z","Illinois State Water Survey Central Analytical Laboratory",276.0,0.06646,5,"2024-03-22","A",,
"205aa229-c1ba-41ac-99f5-362aedac1ce9","D11","PRIN","PRIN.AOS.S2","PRIN.SS.20240321.FIL","A00000420157","2024-03-21T15:06Z","2024-03-21T15:06Z","Illinois State Water Survey Central Analytical Laboratory",498.0,0.00220,5,"2024-03-22","B",,
"bc9c6295-628e-4c43-bcd0-257cd2c0c683","D11","PRIN","PRIN.AOS.S2","PRIN.SS.20240321.FIL","A00000420157","2024-03-21T15:06Z","2024-03-21T15:06Z","Illinois State Water Survey Central Analytical Laboratory",340.0,0.02402,5,"2024-03-22","B",,
"f960c3b7-d40f-4390-a857-0c89039813b6","D11","PRIN","PRIN.AOS.S2","PRIN.SS.20240321.FIL","A00000420157","2024-03-21T15:06Z","2024-03-21T15:06Z","Illinois State Water Survey Central Analytical Laboratory",520.0,0.00174,5,"2024-03-22","A",,
"a2f4bea7-535a-46b0-b639-3f7cab8562eb","D11","PRIN","PRIN.AOS.S2","PRIN.SS.20240321.FIL","A00000420157","2024-03-21T15:06Z","2024-03-21T15:06Z","Illinois State Water Survey Central Analytical Laboratory",378.0,0.01344,5,"2024-03-22","A",,
"51b806e6-0310-4389-8400-c72978f2e118","D11","PRIN","PRIN.AOS.S2","PRIN.SS.20240321.FIL","A00000420157","2024-03-21T15:06Z","2024-03-21T15:06Z","Illinois State Water Survey Central Analytical Laboratory",392.0,0.01078,5,"2024-03-22","A",,
"74d1daef-9756-4501-8bd7-f89876c90012","D11","PRIN","PRIN.AOS.S2","PRIN.SS.20240321.FIL","A00000420157","2024-03-21T15:06Z","2024-03-21T15:06Z","Illinois State Water Survey Central Analytical Laboratory",528.0,0.00168,5,"2024-03-22","B",,
"f7d34441-3e4e-4f29-9737-a8c9eca90eff","D11","PRIN","PRIN.AOS.S2","PRIN.SS.20240321.FIL","A00000420157","2024-03-21T15:06Z","2024-03-21T15:06Z","Illinois State Water Survey Central Analytical Laboratory",284.0,0.05914,5,"2024-03-22","A",,
"ad493d98-f966-4d03-b211-1436da991ddb","D11","PRIN","PRIN.AOS.S2","PRIN.SS.20240321.FIL","A00000420157","2024-03-21T15:06Z","2024-03-21T15:06Z","Illinois State Water Survey Central Analytical Laboratory",264.0,0.07622,5,"2024-03-22","A",,
"528975ea-b2ad-49be-baf9-79e684dd483d","D11","PRIN","PRIN.AOS.S2","PRIN.SS.20240321.FIL","A00000420157","2024-03-21T15:06Z","2024-03-21T15:06Z","Illinois State Water Survey Central Analytical Laboratory",472.0,0.00318,5,"2024-03-22","B",,
"e7cb24f6-ffe0-499b-8208-fca4ae0098ac","D11","PRIN","PRIN.AOS.S2","PRIN.SS.20240321.FIL","A00000420157","2024-03-21T15:06Z","2024-03-21T15:06Z","Illinois State Water Survey Central Analytical Laboratory",580.0,0.00098,5,"2024-03-22","B",,
"062e5256-df58-412b-a9df-604040444880","D11","PRIN","PRIN.AOS.S2","PRIN.SS.20240321.FIL","A00000420157","2024-03-21T15:06Z","2024-03-21T15:06Z","Illinois State Water Survey Central Analytical Laboratory",232.0,0.11506,5,"2024-03-22","B",,
"9e3e425d-5fc6-44aa-a628-78c977896085","D11","PRIN","PRIN.AOS.S2","PRIN.SS.20240321.FIL","A00000420157","2024-03-21T15:06Z","2024-03-21T15:06Z","Illinois State Water Survey Central Analytical Laboratory",556.0,0.00118,5,"2024-03-22","B",,
"5f3bf906-bf9f-444a-b461-6a4e554b2ee0","D11","PRIN","PRIN.AOS.S2","PRIN.SS.20240321.FIL","A00000420157","2024-03-21T15:06Z","2024-03-21T15:06Z","Illinois State Water Survey Central Analytical Laboratory",288.0,0.05516,5,"2024-03-22","B",,
"5cbda796-ff9c-4571-a82f-e7676f5ec618","D11","PRIN","PRIN.AOS.S2","PRIN.SS.20240321.FIL","A00000420157","2024-03-21T15:06Z","2024-03-21T15:06Z","Illinois State Water Survey Central Analytical Laboratory",586.0,0.00102,5,"2024-03-22","A",,
"c5d34a51-bf3f-4edf-9c20-8181482d7ffc","D11","PRIN","PRIN.AOS.S2","PRIN.SS.20240321.FIL","A00000420157","2024-03-21T15:06Z","2024-03-21T15:06Z","Illinois State Water Survey Central Analytical Laboratory",396.0,0.01004,5,"2024-03-22","A",,
"cc754cdb-03e3-482b-9abb-c48bdd4e8d92","D11","PRIN","PRIN.AOS.S2","PRIN.SS.20240321.FIL","A00000420157","2024-03-21T15:06Z","2024-03-21T15:06Z","Illinois State Water Survey Central Analytical Laboratory",236.0,0.10518,5,"2024-03-22","B",,
"490472d6-e4dd-4c6a-b230-a956757e39b5","D11","PRIN","PRIN.AOS.S2","PRIN.SS.20240321.FIL","A00000420157","2024-03-21T15:06Z","2024-03-21T15:06Z","Illinois State Water Survey Central Analytical Laboratory",394.0,0.01026,5,"2024-03-22","A",,
"0b173e59-ac4f-434b-be83-b35cea9e6acf","D11","PRIN","PRIN.AOS.S2","PRIN.SS.20240321.FIL","A00000420157","2024-03-21T15:06Z","2024-03-21T15:06Z","Illinois State Water Survey Central Analytical Laboratory",416.0,0.00736,5,"2024-03-22","A",,
"c69c6007-3526-4eaa-8533-132abcd78ee1","D11","PRIN","PRIN.AOS.S2","PRIN.SS.20240321.FIL","A00000420157","2024-03-21T15:06Z","2024-03-21T15:06Z","Illinois State Water Survey Central Analytical Laboratory",252.0,0.08486,5,"2024-03-22","A",,
"ed6257e8-531a-4c01-acf5-fb31ed7de25c","D11","PRIN","PRIN.AOS.S2","PRIN.SS.20240321.FIL","A00000420157","2024-03-21T15:06Z","2024-03-21T15:06Z","Illinois State Water Survey Central Analytical Laboratory",532.0,0.00156,5,"2024-03-22","A",,
"f0e0a9e1-5fa3-45f6-befc-1b433d5775d4","D11","PRIN","PRIN.AOS.S2","PRIN.SS.20240321.FIL","A00000420157","2024-03-21T15:06Z","2024-03-21T15:06Z","Illinois State Water Survey Central Analytical Laboratory",322.0,0.03186,5,"2024-03-22","B",,
"ecbc34d3-419a-4935-ada2-0853e420d4ac","D11","PRIN","PRIN.AOS.S2","PRIN.SS.20240321.FIL","A00000420157","2024-03-21T15:06Z","2024-03-21T15:06Z","Illinois State Water Survey Central Analytical Laboratory",304.0,0.04222,5,"2024-03-22","B",,
"c699c42e-0d93-4881-9d81-a6c1a6469a97","D11","PRIN","PRIN.AOS.S2","PRIN.SS.20240321.FIL","A00000420157","2024-03-21T15:06Z","2024-03-21T15:06Z","Illinois State Water Survey Central Analytical Laboratory",294.0,0.04948,5,"2024-03-22","B",,
"3424fd3a-175d-4267-9117-29f4988dcfed","D11","PRIN","PRIN.AOS.S2","PRIN.SS.20240321.FIL","A00000420157","2024-03-21T15:06Z","2024-03-21T15:06Z","Illinois State Water Survey Central Analytical Laboratory",298.0,0.04642,5,"2024-03-22","B",,
"869b6685-4cc2-429b-9de1-dbb61bc05b0e","D11","PRIN","PRIN.AOS.S2","PRIN.SS.20240321.FIL","A00000420157","2024-03-21T15:06Z","2024-03-21T15:06Z","Illinois State Water Survey Central Analytical Laboratory",554.0,0.00126,5,"2024-03-22","B",,
"dc2e8aab-c6b1-434f-ba34-09ba9ad034c0","D11","PRIN","PRIN.AOS.S2","PRIN.SS.20240321.FIL","A00000420157","2024-03-21T15:06Z","2024-03-21T15:06Z","Illinois State Water Survey Central Analytical Laboratory",566.0,0.00116,5,"2024-03-22","B",,
"9d2acd62-474b-456a-8429-1fd91cdc2ff1","D11","PRIN","PRIN.AOS.S2","PRIN.SS.20240321.FIL","A00000420157","2024-03-21T15:06Z","2024-03-21T15:06Z","Illinois State Water Survey Central Analytical Laboratory",268.0,0.07294,5,"2024-03-22","B",,
"7c3247b3-6527-4c9a-bc71-8e7c4ba231f0","D11","PRIN","PRIN.AOS.S2","PRIN.SS.20240321.FIL","A00000420157","2024-03-21T15:06Z","2024-03-21T15:06Z","Illinois State Water Survey Central Analytical Laboratory",478.0,0.00292,5,"2024-03-22","B",,
"33286754-659e-49ed-8d3f-9248bdfe4f41","D11","PRIN","PRIN.AOS.S2","PRIN.SS.20240321.FIL","A00000420157","2024-03-21T15:06Z","2024-03-21T15:06Z","Illinois State Water Survey Central Analytical Laboratory",262.0,0.07764,5,"2024-03-22","A",,
"fc362bf9-05a4-425b-b6a4-eb58be5dc012","D11","PRIN","PRIN.AOS.S2","PRIN.SS.20240321.FIL","A00000420157","2024-03-21T15:06Z","2024-03-21T15:06Z","Illinois State Water Survey Central Analytical Laboratory",320.0,0.03312,5,"2024-03-22","A",,
"2951e49e-63df-4711-bddf-cf2fe5caa2e1","D11","PRIN","PRIN.AOS.S2","PRIN.SS.20240321.FIL","A00000420157","2024-03-21T15:06Z","2024-03-21T15:06Z","Illinois State Water Survey Central Analytical Laboratory",306.0,0.04088,5,"2024-03-22","B",,
"38671f02-be08-4e71-8876-472324729b50","D11","PRIN","PRIN.AOS.S2","PRIN.SS.20240321.FIL","A00000420157","2024-03-21T15:06Z","2024-03-21T15:06Z","Illinois State Water Survey Central Analytical Laboratory",222.0,0.15304,5,"2024-03-22","B",,
"32fde3ae-b544-4068-9033-3a381a67383b","D11","PRIN","PRIN.AOS.S2","PRIN.SS.20240321.FIL","A00000420157","2024-03-21T15:06Z","2024-03-21T15:06Z","Illinois State Water Survey Central Analytical Laboratory",262.0,0.07732,5,"2024-03-22","B",,
"7cddc2b1-f6fe-407a-9f78-40d1738f228c","D11","PRIN","PRIN.AOS.S2","PRIN.SS.20240321.FIL","A00000420157","2024-03-21T15:06Z","2024-03-21T15:06Z","Illinois State Water Survey Central Analytical Laboratory",512.0,0.00182,5,"2024-03-22","B",,
"4bcbf5b3-df78-4ae3-a8ce-20740435a899","D11","PRIN","PRIN.AOS.S2","PRIN.SS.20240321.FIL","A00000420157","2024-03-21T15:06Z","2024-03-21T15:06Z","Illinois State Water Survey Central Analytical Laboratory",456.0,0.00416,5,"2024-03-22","A",,
"50d70e79-e151-40b9-94e5-79dbff52d296","D11","PRIN","PRIN.AOS.S2","PRIN.SS.20240321.FIL","A00000420157","2024-03-21T15:06Z","2024-03-21T15:06Z","Illinois State Water Survey Central Analytical Laboratory",444.0,0.00490,5,"2024-03-22","A",,
"1cd9a10a-52fb-4930-938d-ee11fe1fdb7e","D11","PRIN","PRIN.AOS.S2","PRIN.SS.20240321.FIL","A00000420157","2024-03-21T15:06Z","2024-03-21T15:06Z","Illinois State Water Survey Central Analytical Laboratory",316.0,0.03528,5,"2024-03-22","A",,
"dcf24ec3-2658-44ca-adab-07feb2779ae9","D11","PRIN","PRIN.AOS.S2","PRIN.SS.20240321.FIL","A00000420157","2024-03-21T15:06Z","2024-03-21T15:06Z","Illinois State Water Survey Central Analytical Laboratory",396.0,0.00988,5,"2024-03-22","B",,
"b5d33133-e494-4203-8c9f-ac206391e8f3","D11","PRIN","PRIN.AOS.S2","PRIN.SS.20240321.FIL","A00000420157","2024-03-21T15:06Z","2024-03-21T15:06Z","Illinois State Water Survey Central Analytical Laboratory",292.0,0.05166,5,"2024-03-22","A",,
"36e4b598-dff7-4841-a075-1ef3ce38f723","D11","PRIN","PRIN.AOS.S2","PRIN.SS.20240321.FIL","A00000420157","2024-03-21T15:06Z","2024-03-21T15:06Z","Illinois State Water Survey Central Analytical Laboratory",256.0,0.08192,5,"2024-03-22","A",,
"b5172a7b-3387-4284-bb63-b43f61c70348","D11","PRIN","PRIN.AOS.S2","PRIN.SS.20240321.FIL","A00000420157","2024-03-21T15:06Z","2024-03-21T15:06Z","Illinois State Water Survey Central Analytical Laboratory",580.0,0.00116,5,"2024-03-22","A",,
"92f98961-c5ce-4156-be2c-f82ed26e6d7a","D11","PRIN","PRIN.AOS.S2","PRIN.SS.20240321.FIL","A00000420157","2024-03-21T15:06Z","2024-03-21T15:06Z","Illinois State Water Survey Central Analytical Laboratory",258.0,0.08012,5,"2024-03-22","B",,
"09e9033c-8820-4d63-98b4-917fdc194c22","D11","PRIN","PRIN.AOS.S2","PRIN.SS.20240321.FIL","A00000420157","2024-03-21T15:06Z","2024-03-21T15:06Z","Illinois State Water Survey Central Analytical Laboratory",308.0,0.03978,5,"2024-03-22","A",,
"02d9fa64-6907-4244-b9d9-ea484c650674","D11","PRIN","PRIN.AOS.S2","PRIN.SS.20240321.FIL","A00000420157","2024-03-21T15:06Z","2024-03-21T15:06Z","Illinois State Water Survey Central Analytical Laboratory",386.0,0.01168,5,"2024-03-22","A",,
"905bfced-cf6b-46fc-8703-87d74550bf99","D11","PRIN","PRIN.AOS.S2","PRIN.SS.20240321.FIL","A00000420157","2024-03-21T15:06Z","2024-03-21T15:06Z","Illinois State Water Survey Central Analytical Laboratory",538.0,0.00132,5,"2024-03-22","B",,
"eef97832-0362-4b2f-98de-92055924f8d1","D11","PRIN","PRIN.AOS.S2","PRIN.SS.20240321.FIL","A00000420157","2024-03-21T15:06Z","2024-03-21T15:06Z","Illinois State Water Survey Central Analytical Laboratory",490.0,0.00248,5,"2024-03-22","A",,
"4a67d504-ef6d-4366-b367-b18d77be93dc","D11","PRIN","PRIN.AOS.S2","PRIN.SS.20240321.FIL","A00000420157","2024-03-21T15:06Z","2024-03-21T15:06Z","Illinois State Water Survey Central Analytical Laboratory",592.0,0.00072,5,"2024-03-22","B",,
"a4d52efc-5dbd-4aa3-9801-6b95c7cc08b1","D11","PRIN","PRIN.AOS.S2","PRIN.SS.20240321.FIL","A00000420157","2024-03-21T15:06Z","2024-03-21T15:06Z","Illinois State Water Survey Central Analytical Laboratory",562.0,0.00128,5,"2024-03-22","A",,
"2c9cebf3-f549-4941-99ca-39813651ee7b","D11","PRIN","PRIN.AOS.S2","PRIN.SS.20240321.FIL","A00000420157","2024-03-21T15:06Z","2024-03-21T15:06Z","Illinois State Water Survey Central Analytical Laboratory",234.0,0.11020,5,"2024-03-22","A",,
"618d2085-d444-4e35-92e3-171426ceede5","D11","PRIN","PRIN.AOS.S2","PRIN.SS.20240321.FIL","A00000420157","2024-03-21T15:06Z","2024-03-21T15:06Z","Illinois State Water Survey Central Analytical Laboratory",428.0,0.00630,5,"2024-03-22","A",,
